/*--------------------------------*- C++ -*----------------------------------*\
| =========                 |                                                 |
| \\      /  F ield         | OpenFOAM: The Open Source CFD Toolbox           |
|  \\    /   O peration     | Version:  v2106                                 |
|   \\  /    A nd           | Website:  www.openfoam.com                      |
|    \\/     M anipulation  |                                                 |
\*---------------------------------------------------------------------------*/
FoamFile
{
    version     2.0;
    format      ascii;
    arch        "LSB;label=32;scalar=64";
    class       volScalarField;
    location    "0.7";
    object      T;
}
// * * * * * * * * * * * * * * * * * * * * * * * * * * * * * * * * * * * * * //

dimensions      [0 0 0 1 0 0 0];

internalField   nonuniform List<scalar> 
3600
(
1
1
1
1
1
1
0.428571
0.047619
7.14285e-11
-2.66744e-33
-9.8131e-33
2.0934e-33
1.88115e-33
3.58457e-34
2.1364e-35
3.75394e-36
-1.59016e-35
-1.251e-33
-5.19127e-32
-5.76567e-32
4.66386e-28
4.8743e-27
3.11288e-26
3.85997e-26
1.61468e-26
1.2285e-27
-4.68194e-27
-6.98011e-27
-1.66645e-26
-1.05031e-26
-3.08692e-27
-3.66403e-29
-2.33408e-29
9.88383e-28
9.00952e-27
4.62554e-27
1.21469e-27
1.51367e-28
-8.75311e-28
-4.67965e-28
-1.16345e-28
3.1347e-29
3.04013e-29
1.17658e-29
1.19216e-31
-3.17997e-31
-3.8877e-31
-2.61489e-31
-4.44164e-32
6.40634e-33
3.7027e-33
7.79215e-34
-1.07431e-34
-1.37705e-34
-6.48014e-35
-9.5948e-36
1.17466e-38
1.11112e-38
2.49408e-39
-5.22432e-38
1
1
1
1
1
1
0.928571
0.496032
0.139881
-4.75264e-16
-2.04673e-16
-3.53864e-17
-1.1641e-19
2.86504e-20
2.86504e-20
1.70948e-20
7.88666e-21
2.77733e-21
3.40738e-22
2.20857e-22
-7.4888e-22
-6.65265e-22
-3.82075e-22
-1.24428e-22
3.78345e-24
4.03636e-24
3.3417e-24
1.86285e-24
5.11229e-25
-9.67338e-26
-5.85135e-25
-3.68633e-25
-1.86139e-25
-7.26988e-26
-2.5818e-26
7.12566e-26
5.79915e-26
3.36536e-26
1.42065e-26
-3.76323e-27
-3.83704e-27
-1.92881e-27
-5.3723e-28
1.26079e-28
6.74875e-29
2.3978e-29
1.09589e-30
-3.13172e-31
-1.92425e-31
-6.67601e-32
8.14827e-33
1.00135e-32
6.00997e-33
2.17744e-33
-6.50593e-34
-9.2941e-34
-4.99872e-34
-8.17691e-35
1.13907e-35
5.92586e-36
1
1
1
1
1
1
1
0.860119
0.5
0.15997
-4.79911e-10
-2.87946e-10
-1.13126e-10
-1.2856e-11
-1.46328e-18
5.9815e-19
5.88948e-19
3.36445e-19
1.45097e-19
4.06575e-20
1.32042e-20
-5.15921e-21
-5.54543e-21
-2.87751e-21
1.07661e-22
2.28082e-22
1.89664e-22
1.01658e-22
1.81694e-23
8.92267e-26
-4.96138e-25
-3.07099e-24
-2.88519e-24
-1.90064e-24
-9.47299e-25
-4.09379e-25
4.21061e-25
4.16443e-25
2.64404e-25
1.28577e-25
-1.58109e-26
-2.11349e-26
-1.24188e-26
-3.64299e-27
5.99104e-28
3.45874e-28
1.34173e-28
8.81292e-31
-1.0225e-30
-8.14435e-31
-3.12724e-31
4.28089e-32
3.94088e-32
2.39008e-32
8.10223e-33
5.01246e-34
-4.10784e-33
-2.49048e-33
-1.07252e-33
4.15313e-35
1
1
1
1
1
1
1
1
0.84003
0.5
0.164993
8.5337e-11
-1.66245e-10
-9.3836e-11
-3.28251e-11
-1.15972e-12
-2.09823e-17
2.54006e-18
1.87413e-18
9.61892e-19
4.58522e-19
1.92434e-19
2.1633e-20
-4.69594e-21
-2.4767e-21
1.66948e-21
1.30312e-21
9.93421e-22
4.7266e-22
5.5326e-23
1.11965e-23
5.43054e-24
-7.05752e-24
-2.63907e-23
-1.70427e-23
-7.25054e-24
-2.52555e-24
1.56704e-24
2.42094e-24
1.10619e-24
5.36613e-25
-1.04655e-25
-1.05337e-25
-5.468e-26
-1.07152e-26
2.36672e-27
1.3648e-27
4.55534e-28
-1.94216e-29
-1.18587e-29
-5.18212e-30
-1.66954e-30
3.07595e-31
2.25097e-31
1.18116e-31
3.8144e-32
5.90283e-33
-1.21871e-32
-1.15642e-32
-3.82234e-33
1
1
1
1
1
1
1
1
1
0.835007
0.5
0.166248
-1.66256e-10
-1.40167e-10
-7.77977e-11
-2.5031e-11
-2.76882e-16
-7.03086e-17
3.59222e-18
3.07617e-18
1.87393e-18
1.00229e-18
3.6404e-19
-3.0485e-20
-2.61165e-20
-3.48561e-21
9.18059e-21
8.27065e-21
5.10403e-21
1.26033e-21
2.9321e-22
2.22846e-22
1.47658e-22
6.3542e-23
-2.37525e-22
-1.6126e-22
-6.97005e-23
-1.91441e-23
8.34259e-25
2.47881e-23
7.72011e-24
2.52593e-24
-3.76825e-25
-2.96356e-25
-1.15009e-25
-1.8511e-27
7.69644e-27
4.69817e-27
1.76505e-27
-9.6082e-29
-7.29083e-29
-3.05934e-29
-6.17514e-30
1.25238e-30
7.92166e-31
3.99172e-31
1.65538e-31
5.86512e-32
-5.97169e-33
-6.95841e-33
1
1
1
1
1
1
1
1
1
1
0.833752
0.5
0.166562
-6.85982e-10
-4.6786e-10
-2.13754e-10
-4.32225e-11
-2.71629e-15
1.56426e-16
1.39111e-16
6.63317e-17
4.8904e-18
3.00782e-19
-2.16821e-19
-1.93801e-19
-9.65419e-20
5.7437e-20
5.13443e-20
3.30795e-20
1.15956e-20
4.81877e-21
4.03744e-21
3.10525e-21
1.8932e-21
5.80374e-22
-8.30303e-22
-5.77396e-22
-3.42123e-22
-1.44837e-22
-2.9103e-23
8.5296e-23
3.12909e-23
8.77639e-24
-1.31851e-24
-7.52846e-25
-2.01656e-25
-1.82733e-28
1.34712e-26
1.12735e-26
5.30195e-27
4.38009e-30
-1.99899e-28
-1.13566e-28
-1.37034e-29
5.68872e-30
3.50979e-30
1.8427e-30
8.11538e-31
2.32901e-31
-3.62927e-32
0.428571
0.928571
1
1
1
1
1
1
1
1
1
0.833438
0.5
0.166641
-1.319e-10
-3.02597e-10
-1.8739e-10
-7.37565e-11
-8.94498e-12
1.46261e-16
1.0018e-16
2.79456e-17
-1.17403e-18
-1.28205e-18
-1.12596e-18
-6.1796e-19
-4.82594e-20
2.37018e-19
1.97232e-19
9.06505e-20
7.04243e-20
5.03202e-20
3.05831e-20
1.76224e-20
9.21349e-21
2.99828e-21
-4.33605e-21
-2.93485e-21
-1.68857e-21
-7.48044e-22
-9.92098e-23
1.46418e-22
7.72237e-23
2.51964e-23
-6.31214e-24
-3.41865e-24
-6.03893e-25
4.07466e-26
3.26804e-26
2.139e-26
8.66668e-27
-6.61024e-28
-7.63332e-28
-3.56742e-28
-1.39831e-29
1.22563e-29
9.23149e-30
4.75722e-30
1.84235e-30
9.63059e-32
0.047619
0.496032
0.860119
1
1
1
1
1
1
1
1
1
0.833359
0.5
0.16666
-3.02298e-10
-2.62436e-10
-1.54386e-10
-5.77716e-11
-4.69678e-12
-3.73836e-17
1.93259e-19
-9.87917e-18
-7.41325e-18
-4.91509e-18
-2.55823e-18
-6.4922e-19
2.63242e-19
2.49666e-19
1.51883e-19
1.11078e-19
1.88404e-19
2.18313e-19
1.40059e-19
7.37055e-20
3.18512e-20
-8.58548e-23
-1.22801e-20
-1.03777e-20
-6.27603e-21
-2.64808e-21
-5.56224e-23
2.94349e-22
1.85826e-22
5.90953e-23
-2.11677e-23
-1.58759e-23
-4.37304e-24
1.06212e-25
7.84135e-26
4.76178e-26
1.82261e-26
-3.78455e-27
-2.4969e-27
-7.73085e-28
-4.03985e-29
1.6174e-29
1.41563e-29
8.1665e-30
1.55796e-30
7.14285e-11
0.139881
0.5
0.84003
1
1
1
1
1
1
1
1
1
0.83334
0.5
0.166665
-7.92575e-10
-5.73107e-10
-2.57995e-10
-5.36711e-11
-4.37863e-12
-2.7805e-16
-3.47714e-17
-4.43074e-17
-4.30776e-17
-2.94938e-17
-1.47582e-17
-1.34985e-17
-8.0547e-18
-4.02067e-18
-1.75679e-18
-5.41426e-19
8.12161e-20
7.92041e-19
5.27017e-19
2.71994e-19
9.17236e-20
-5.64277e-20
-5.57521e-20
-3.90153e-20
-2.07525e-20
-5.59839e-21
1.52235e-21
1.21273e-21
6.46093e-22
1.38872e-22
-1.884e-23
-1.14535e-23
-3.0217e-24
3.8408e-25
2.58487e-25
1.3175e-25
3.92384e-26
-1.46484e-26
-7.92615e-27
-2.1753e-27
6.20704e-29
4.9776e-29
3.9502e-29
1.04292e-29
1.11726e-16
-2.69165e-16
0.15997
0.5
0.835007
1
1
1
1
1
1
1
1
1
0.833335
0.5
0.166666
1.48881e-10
-5.37334e-10
-3.04632e-10
-1.16605e-10
-2.32534e-11
-4.05819e-15
3.43018e-16
1.89472e-16
7.01417e-17
9.05745e-18
-7.55273e-18
-9.78085e-17
-8.03253e-17
-5.34519e-17
-3.08549e-17
-1.40464e-17
-3.51174e-18
4.30351e-18
2.74062e-18
1.28416e-18
3.3224e-19
-3.57825e-19
-2.54699e-19
-1.44861e-19
-6.15953e-20
-4.28081e-21
5.14063e-21
3.84644e-21
1.85489e-21
3.58301e-22
-5.45396e-23
-2.95985e-23
-3.85066e-24
1.28679e-24
9.74447e-25
4.62303e-25
1.02929e-25
-3.4702e-26
-1.9737e-26
-6.12274e-27
4.83773e-28
3.08627e-28
8.47344e-29
2.63917e-18
-1.13358e-16
-4.79907e-10
0.164993
0.5
0.833752
1
1
1
1
1
1
1
1
1
0.833334
0.5
0.166667
4.47856e-10
-1.21146e-09
-7.37585e-10
-3.26301e-10
-9.27367e-11
-4.18448e-14
7.36623e-15
5.13653e-15
2.62387e-15
1.01217e-15
1.69115e-16
-6.3831e-16
-5.26216e-16
-3.53331e-16
-2.05576e-16
-9.64373e-17
-2.81519e-17
1.58502e-17
1.10573e-17
5.13312e-18
7.55098e-19
-9.25348e-19
-6.21443e-19
-3.40165e-19
-1.43971e-19
4.67651e-21
1.44855e-20
1.05916e-20
4.5462e-21
-3.08878e-23
-5.07854e-23
-2.06257e-23
3.44396e-25
1.63301e-24
1.31235e-24
6.12613e-25
7.38436e-26
-4.66746e-26
-3.25329e-26
-1.16528e-26
2.5266e-27
1.13323e-27
5.08736e-20
-1.62143e-17
-2.87942e-10
8.5664e-11
0.166248
0.5
0.833438
1
1
1
1
1
1
1
1
1
0.833333
0.5
0.166667
1.0721e-09
-3.50921e-09
-2.1525e-09
-9.8163e-10
-2.87457e-10
1.12065e-14
1.44578e-14
1.20235e-14
7.27446e-15
3.51947e-15
9.11733e-16
-2.62772e-15
-2.23573e-15
-1.54681e-15
-9.31332e-16
-4.60903e-16
-1.47746e-16
5.14426e-17
3.74946e-17
1.66725e-17
-2.45258e-20
-1.75903e-18
-1.36393e-18
-7.61672e-19
-2.59245e-19
5.48383e-20
3.90816e-20
1.98782e-20
4.76148e-21
-5.06902e-22
-2.82988e-22
-8.42984e-23
2.1562e-23
1.28775e-23
5.58371e-24
9.15599e-25
-2.63904e-25
-1.90179e-25
-8.75839e-26
-1.4685e-26
3.66647e-27
-5.58444e-20
-1.33769e-18
-1.12918e-10
-1.66545e-10
-1.66545e-10
0.166562
0.5
0.833359
1
1
1
1
1
1
1
1
1
0.833333
0.5
0.166667
4.18871e-09
-1.00036e-08
-6.14678e-09
-2.80822e-09
-8.06868e-10
1.86471e-13
1.18769e-13
6.27884e-14
2.91433e-14
1.14157e-14
9.82608e-16
-1.03848e-14
-8.46596e-15
-5.76693e-15
-3.45608e-15
-1.72836e-15
-5.23264e-16
2.37014e-16
1.58009e-16
6.7632e-17
-5.78515e-18
-8.30072e-18
-4.73652e-18
-2.02349e-18
-2.92663e-19
1.32619e-19
1.21745e-19
7.42522e-20
2.56291e-20
-2.11671e-21
-1.14191e-21
-3.28718e-22
5.12716e-23
3.44083e-23
1.16806e-23
8.93507e-25
-4.00975e-25
-3.29455e-25
-1.48436e-25
-1.02468e-26
-6.49146e-20
-1.36703e-18
-1.26975e-11
-9.38488e-11
-1.40316e-10
-6.83186e-10
0.166641
0.5
0.83334
1
1
1
1
1
1
1
1
1
0.833333
0.5
0.166667
9.02693e-09
-2.65993e-08
-1.6374e-08
-7.45411e-09
-2.06918e-09
1.18477e-12
7.23988e-13
3.47835e-13
1.28012e-13
3.84938e-14
-3.50088e-15
-2.67525e-14
-2.25647e-14
-1.56105e-14
-9.50013e-15
-4.89915e-15
-1.31157e-15
5.47984e-16
3.52281e-16
1.2843e-16
-9.54993e-18
-1.86023e-17
-1.27112e-17
-5.65882e-18
-1.41169e-18
9.5117e-20
1.27635e-19
8.50879e-20
2.17466e-20
-4.44165e-21
-2.614e-21
-9.69843e-22
6.49295e-23
5.2399e-23
1.61911e-23
-8.54041e-25
-9.84209e-25
-7.06703e-25
-1.52983e-25
-1.62366e-19
-1.78278e-18
-3.53633e-15
-3.27843e-11
-7.77456e-11
-4.64498e-10
-9.68001e-11
0.16666
0.5
0.833335
1
1
1
1
1
1
1
1
1
0.833333
0.5
0.166667
2.53038e-08
-6.54892e-08
-4.03895e-08
-1.8283e-08
-4.87603e-09
5.42367e-12
5.09273e-12
3.33738e-12
1.49255e-12
4.55057e-13
-5.99837e-14
-1.45895e-13
-9.45634e-14
-5.22407e-14
-2.6675e-14
-1.23499e-14
-1.1212e-15
1.01036e-15
7.70718e-16
3.12356e-16
-4.32423e-17
-4.82065e-17
-3.26889e-17
-1.58133e-17
-4.85773e-18
1.5684e-19
1.68087e-19
1.01777e-19
1.23037e-20
-8.58394e-21
-5.98683e-21
-2.02954e-21
4.02142e-22
2.13089e-22
5.27569e-23
-3.98141e-24
-3.12699e-24
-1.02801e-24
-1.47742e-18
-4.29475e-18
1.44994e-15
-1.13603e-12
-2.48937e-11
-2.10152e-10
-3.03165e-10
-1.30642e-10
0.166665
0.5
0.833334
1
1
1
1
1
1
1
1
1
0.833333
0.5
0.166667
5.88886e-08
-1.497e-07
-9.24857e-08
-4.15813e-08
-1.06149e-08
5.76526e-12
6.43226e-12
5.23878e-12
2.9034e-12
1.13395e-12
2.09611e-13
-3.08599e-13
-2.42026e-13
-1.33783e-13
-6.96886e-14
-2.68274e-14
2.82524e-15
2.83724e-15
1.82359e-15
6.15513e-16
-1.99883e-16
-1.365e-16
-7.50508e-17
-3.18727e-17
-3.93789e-18
4.41504e-19
3.65196e-19
1.59509e-19
-2.75691e-20
-2.7417e-20
-1.30674e-20
-1.34475e-21
5.1731e-22
2.5631e-22
7.45369e-23
-5.534e-24
-4.03294e-24
-2.41191e-18
-7.39057e-18
8.341e-16
5.4827e-15
-3.91314e-15
-4.11341e-11
-1.75242e-10
-3.60861e-10
1.54195e-11
0.166666
0.5
0.833333
1
1
1
1
1
1
1
1
1
0.833333
0.5
0.166667
1.14832e-07
-3.19208e-07
-1.97513e-07
-8.81177e-08
-2.15239e-08
3.04923e-11
2.11868e-11
1.26581e-11
6.64775e-12
2.92637e-12
6.47617e-13
-4.72265e-13
-4.42239e-13
-3.43718e-13
-1.87341e-13
-5.43821e-14
1.25011e-14
9.42853e-15
4.29802e-15
9.55856e-16
-3.56472e-16
-3.22214e-16
-1.95671e-16
-5.72625e-17
3.21249e-18
2.37733e-18
1.09926e-18
1.67804e-19
-1.04269e-19
-6.86593e-20
-2.43515e-20
-5.70889e-22
6.09347e-22
3.57521e-22
7.90999e-23
-3.98853e-24
-1.24493e-18
-1.23865e-17
3.63704e-16
5.05564e-15
3.09982e-15
-7.36899e-14
-5.55061e-11
-2.20111e-10
-8.65173e-10
2.96218e-09
0.166667
0.5
0.833333
1
1
1
1
1
1
1
1
1
0.833333
0.5
0.166667
1.94516e-07
-6.38001e-07
-3.95292e-07
-1.74912e-07
-4.07867e-08
8.90822e-11
5.81113e-11
3.1783e-11
1.53551e-11
6.24893e-12
6.05127e-13
-4.31081e-13
-4.13832e-13
-3.62925e-13
-2.37752e-13
-8.07188e-14
1.47171e-14
1.16043e-14
6.60551e-15
1.1365e-15
-2.66676e-16
-3.12687e-16
-1.8466e-16
-5.18634e-17
4.52621e-18
3.49681e-18
1.46098e-18
2.3206e-20
-5.56705e-20
-5.21087e-20
-1.65249e-20
1.45448e-21
1.10828e-21
4.41604e-22
1.70386e-23
-2.83233e-19
-1.20196e-17
1.12696e-16
2.68819e-15
9.94952e-15
-4.54826e-15
-8.7484e-13
-8.33064e-11
-5.28891e-10
-3.07848e-09
7.97831e-09
0.166667
0.5
0.833333
1
1
1
1
1
1
1
1
1
0.833333
0.5
0.166667
3.09055e-07
-1.20101e-06
-7.45038e-07
-3.26856e-07
-7.2777e-08
2.20135e-10
1.41582e-10
7.42328e-11
3.27933e-11
1.01657e-11
7.33677e-13
-1.84781e-13
-2.97126e-13
-2.32392e-13
-9.55383e-14
2.77222e-14
2.56987e-14
1.68937e-14
1.23759e-14
4.55909e-16
-6.13996e-16
-6.04746e-16
-7.70735e-18
8.4452e-18
1.23368e-17
7.66933e-18
1.19284e-18
-2.22241e-19
-1.86945e-19
-9.02198e-20
-5.60379e-21
1.86474e-21
1.5477e-21
3.96886e-22
-1.65404e-21
-1.11074e-17
4.40126e-17
1.10269e-15
6.20135e-15
1.72717e-14
-7.51262e-14
-1.1482e-11
-2.29374e-10
-1.87823e-09
-1.11926e-08
2.14808e-08
0.166667
0.5
0.833333
1
1
1
1
1
1
1
1
1
0.833334
0.500001
0.166668
5.99692e-07
-2.14226e-06
-1.33075e-06
-5.79168e-07
-1.23821e-07
4.9787e-10
3.18833e-10
1.62695e-10
6.59756e-11
1.56486e-11
1.92713e-12
6.88922e-13
2.79005e-13
1.93798e-13
1.57488e-13
9.65953e-14
4.82127e-14
5.9324e-15
-5.909e-15
-5.35723e-15
-3.30091e-15
-5.25489e-16
5.82414e-17
5.61555e-17
4.14748e-17
1.002e-17
3.60775e-19
-2.91616e-19
-2.19752e-19
-6.37776e-20
-3.43346e-21
1.58837e-21
8.26796e-22
-7.49291e-22
-8.73741e-18
-5.59056e-18
3.17665e-16
2.80846e-15
1.09641e-14
3.74843e-14
-7.70004e-13
-6.26733e-11
-8.57134e-10
-6.83876e-09
-3.76318e-08
5.53818e-08
0.166667
0.5
0.833333
1
1
1
1
1
1
1
1
1
0.833335
0.500003
0.166669
1.40923e-06
-3.65862e-06
-2.27688e-06
-9.85389e-07
-2.05512e-07
1.11933e-09
7.17169e-10
3.60697e-10
1.39426e-10
2.51194e-11
8.13139e-12
4.08436e-12
2.10472e-12
1.14851e-12
4.9356e-13
3.57567e-14
-5.53995e-14
-5.17351e-14
-3.62122e-14
-1.94896e-14
-4.3098e-15
5.54046e-16
4.84568e-16
2.88437e-16
8.59325e-17
-6.6337e-19
-8.35778e-19
-6.55924e-19
-2.91725e-19
-5.55002e-21
4.64505e-21
3.20574e-21
3.7434e-21
-2.99492e-18
-6.84763e-18
-2.83653e-17
4.93102e-16
4.63879e-15
2.35155e-14
1.99015e-13
-4.50227e-12
-2.65735e-10
-3.148e-09
-2.30401e-08
-1.1571e-07
1.51495e-07
0.166667
0.5
0.833333
1
1
1
1
1
1
1
1
1
0.833337
0.500008
0.166674
3.61535e-06
-6.09727e-06
-3.80332e-06
-1.64425e-06
-3.43856e-07
3.02407e-09
1.91263e-09
9.40474e-10
3.48284e-10
5.05259e-11
2.42583e-11
1.22949e-11
6.11542e-12
2.99078e-12
3.3592e-13
-3.47675e-13
-3.10372e-13
-2.07158e-13
-1.11665e-13
-2.51961e-14
2.18957e-15
2.01684e-15
1.4143e-15
6.67725e-16
3.83302e-17
3.19629e-18
-2.76554e-18
-1.46539e-18
1.18822e-20
-6.74732e-21
-1.93924e-22
4.13536e-21
-6.2909e-21
-3.71367e-18
-2.10162e-17
-3.62422e-17
7.47099e-16
1.03543e-14
1.21248e-13
1.40796e-12
-1.98163e-11
-1.03097e-09
-1.06544e-08
-7.10322e-08
-3.26635e-07
3.94227e-07
0.166668
0.500001
0.833333
1
1
1
1
1
1
1
1
1
0.833342
0.500021
0.166684
9.26575e-06
-1.02044e-05
-6.37687e-06
-2.76856e-06
-5.97521e-07
1.03304e-08
6.40365e-09
3.05637e-09
1.07671e-09
1.07816e-10
5.47277e-11
2.88597e-11
1.39767e-11
5.21567e-12
-1.94348e-12
-1.76729e-12
-1.17267e-12
-6.27884e-13
-2.17312e-13
1.22235e-14
9.53974e-15
6.23298e-15
3.5268e-15
1.28815e-15
-3.80096e-17
-2.53484e-17
-1.13406e-17
-9.28502e-19
7.66407e-20
4.07924e-20
1.61796e-21
2.81432e-21
-5.98811e-19
-8.57554e-18
-3.14279e-17
-2.72829e-17
2.65428e-15
5.58227e-14
8.51198e-13
8.42448e-12
1.23839e-12
-3.35951e-09
-3.27586e-08
-2.00966e-07
-8.51102e-07
9.37318e-07
0.166669
0.500002
0.833333
0.999999
1
1
1
0.999999
0.999999
0.999999
0.999999
0.999998
0.833357
0.500054
0.166707
2.23812e-05
-1.7651e-05
-1.10304e-05
-4.82413e-06
-1.08768e-06
3.65033e-08
2.24021e-08
1.04831e-08
3.48655e-09
1.65718e-10
1.16717e-10
7.42651e-11
3.68334e-11
1.06606e-11
-5.42671e-12
-4.3641e-12
-2.37517e-12
-1.02445e-12
-1.86983e-13
2.17491e-14
1.84449e-14
1.13133e-14
5.44083e-15
1.07346e-15
-6.98712e-17
-4.67212e-17
-1.39867e-17
3.26133e-20
-5.60875e-20
3.4653e-23
1.76559e-21
2.98388e-20
-1.98413e-18
-1.89919e-17
-2.10864e-17
9.99139e-17
1.90159e-14
3.94006e-13
6.19047e-12
1.27832e-11
8.15642e-11
-9.93238e-09
-9.22601e-08
-5.24664e-07
-2.05721e-06
2.04787e-06
0.166672
0.500003
0.833333
0.999999
1
1
0.999999
0.999997
0.999997
0.999998
0.999997
0.999995
0.833391
0.50013
0.16676
4.94772e-05
-3.18666e-05
-1.98793e-05
-8.74992e-06
-2.03621e-06
1.14953e-07
7.04388e-08
3.25626e-08
9.92015e-09
2.37612e-10
2.38099e-10
2.08908e-10
1.10592e-10
3.5824e-11
-7.17852e-12
-6.53226e-12
-3.96116e-12
-1.6175e-12
-2.57936e-13
3.02703e-14
2.56521e-14
1.76689e-14
7.08292e-15
5.39192e-16
-1.0877e-16
-7.17844e-17
-1.30547e-17
-5.55838e-20
6.97601e-25
1.39971e-21
2.06943e-20
6.24903e-20
-7.24283e-18
-1.45587e-17
-1.24794e-17
1.05455e-15
1.3616e-13
2.97168e-12
1.06441e-11
5.49952e-11
3.34874e-10
-2.69614e-08
-2.39609e-07
-1.27043e-06
-4.63348e-06
4.14802e-06
0.166677
0.500007
0.833335
1
1
0.999999
0.999997
0.999991
0.999992
0.999993
0.999992
0.999986
0.833467
0.500292
0.166867
0.00010332
-5.89983e-05
-3.67287e-05
-1.62083e-05
-3.79705e-06
3.10722e-07
1.90804e-07
8.7087e-08
2.43261e-08
4.06828e-10
4.257e-10
3.86561e-10
2.44371e-10
6.4675e-11
-6.68195e-12
-6.16499e-12
-4.21595e-12
-1.8439e-12
-3.19419e-13
3.69711e-14
3.32178e-14
2.23421e-14
7.98648e-15
-1.89328e-16
-1.63367e-16
-6.54637e-17
3.3647e-20
-1.03466e-23
1.23025e-21
1.29036e-20
5.80133e-20
-2.39068e-19
-5.50389e-18
-9.26813e-18
-6.33489e-18
5.75964e-15
1.02215e-12
6.18549e-12
3.16483e-11
2.1081e-10
1.12607e-09
-6.73677e-08
-5.76744e-07
-2.86609e-06
-9.76437e-06
7.80279e-06
0.166687
0.500015
0.833341
0.999999
0.999999
0.999998
0.999992
0.999974
0.999978
0.999981
0.999978
0.999961
0.833614
0.500597
0.167091
0.000268303
-0.000108536
-6.74887e-05
-2.97638e-05
-6.97596e-06
7.25853e-07
4.47021e-07
2.01519e-07
5.31823e-08
2.0711e-10
2.96935e-10
2.48747e-10
1.31032e-10
2.91811e-12
-7.59242e-12
-7.28791e-12
-4.98668e-12
-2.38754e-12
-1.68208e-13
2.96283e-14
2.61558e-14
1.62491e-14
3.87957e-15
-1.67132e-16
-1.13516e-16
-1.83497e-17
-1.80507e-23
6.04221e-22
6.53034e-21
3.56955e-20
4.99427e-20
9.71713e-20
-2.91929e-18
-3.68699e-18
-1.38916e-18
1.15471e-13
2.76443e-12
1.60989e-11
1.07704e-10
7.00123e-10
3.32734e-09
-1.55601e-07
-1.29234e-06
-6.04868e-06
-1.93264e-05
1.33523e-05
0.166703
0.500029
0.833354
0.999998
0.999997
0.999993
0.999978
0.999928
0.999939
0.999949
0.999941
0.999896
0.833865
0.501113
0.167748
0.000814225
-0.000192917
-0.000120025
-5.34074e-05
-1.30449e-05
1.48652e-06
9.18437e-07
4.14619e-07
1.09303e-07
-7.74747e-10
-3.54813e-10
-7.94062e-11
-7.55423e-11
-4.59634e-11
-1.96721e-11
-9.80733e-12
-4.31159e-12
-1.28043e-12
3.65903e-15
6.30536e-15
1.34162e-14
8.46863e-15
1.46039e-15
-4.38301e-17
-1.48864e-17
-1.55656e-23
2.53461e-23
4.48963e-22
8.19606e-21
2.40554e-20
7.64788e-20
7.2292e-20
-6.69055e-19
2.92949e-19
-7.54824e-15
7.81377e-13
7.08256e-12
4.73233e-11
3.43781e-10
2.06475e-09
8.81367e-09
-3.33611e-07
-2.70672e-06
-1.19873e-05
-3.60628e-05
1.98191e-05
0.166724
0.500066
0.833389
0.999995
0.999992
0.999981
0.999939
0.999813
0.999841
0.999866
0.999848
0.999739
0.83424
0.501954
0.16922
0.00201801
-0.000325298
-0.000217141
-9.88253e-05
-2.3419e-05
2.6927e-06
1.84496e-06
8.41095e-07
2.05806e-07
-2.75999e-09
-2.47172e-09
-1.26887e-09
-5.06396e-10
-9.68033e-11
-1.22425e-11
-9.85218e-12
-5.9225e-12
-1.35994e-12
4.49858e-15
1.09072e-14
9.62516e-15
4.61095e-15
7.6356e-17
-1.08148e-18
-5.45782e-24
-4.55094e-24
-3.71456e-23
-7.25491e-22
-8.99176e-21
1.3091e-20
4.12759e-20
1.7878e-19
2.57012e-18
-9.20526e-15
2.33216e-13
2.68975e-12
1.76021e-11
1.34859e-10
9.93443e-10
5.47248e-09
2.1195e-08
-6.66723e-07
-5.31961e-06
-2.23931e-05
-6.36886e-05
2.41076e-05
0.166751
0.500145
0.833461
0.999986
0.999978
0.999949
0.999841
0.999533
0.999607
0.99967
0.999626
0.999377
0.834727
0.503404
0.172008
0.00420168
-0.00050562
-0.00037946
-0.000166622
-3.27255e-05
4.19483e-06
3.21817e-06
1.41201e-06
3.25119e-07
4.14898e-09
-5.21564e-09
-3.09641e-09
-1.32552e-09
-2.15422e-10
-8.75722e-12
-4.75021e-12
-1.84916e-12
5.53437e-14
2.15269e-14
1.00889e-14
6.61821e-15
1.97798e-15
5.22312e-17
1.12259e-25
-2.27308e-24
-3.24469e-23
-6.42009e-22
-7.00778e-21
-2.70185e-20
-1.95392e-21
3.10639e-19
6.32107e-18
-5.38084e-15
-5.74408e-14
8.12965e-13
7.13747e-12
4.58182e-11
3.57128e-10
2.59049e-09
1.31713e-08
4.68114e-08
-1.24841e-06
-9.85277e-06
-3.95981e-05
-0.000106892
1.92619e-05
0.166789
0.500291
0.833587
0.999961
0.999941
0.999866
0.999607
0.99889
0.99907
0.999223
0.999125
0.998584
0.835387
0.505934
0.176724
0.00772727
-0.000715559
-0.000559322
-0.000239415
-4.21251e-05
5.62181e-06
4.38188e-06
2.06997e-06
6.95047e-07
3.045e-08
-8.9151e-09
-5.50195e-09
-2.15721e-09
-1.67629e-11
-9.06657e-12
-9.49487e-12
-3.55116e-12
1.34614e-14
1.70602e-14
1.11457e-14
3.82885e-15
2.44036e-16
1.05315e-25
-6.66411e-25
-1.63074e-23
-3.89523e-22
-4.92864e-21
-3.43687e-20
-2.27287e-20
4.80572e-19
1.86283e-17
-2.30003e-15
-3.43874e-14
-2.53803e-13
9.33113e-13
1.40131e-11
1.19338e-10
9.56919e-10
6.235e-09
2.91755e-08
9.58968e-08
-2.21637e-06
-1.7375e-05
-6.68568e-05
-0.000170953
4.14966e-06
0.166862
0.500525
0.833778
0.999896
0.999848
0.99967
0.99907
0.997487
0.997904
0.998255
0.998047
0.996919
0.836183
0.50973
0.183955
0.0129035
-0.000949345
-0.000745818
-0.000315068
-5.1079e-05
6.61892e-06
5.62569e-06
3.26871e-06
1.20993e-06
6.52826e-08
-1.79032e-08
-1.3977e-08
-3.77105e-09
-3.36912e-11
1.38064e-11
4.79345e-12
8.07171e-13
1.59782e-13
5.31839e-14
2.07483e-14
2.3299e-15
4.0297e-26
9.15925e-25
-3.61252e-24
-1.05452e-22
-3.79409e-21
-7.96867e-20
-7.99908e-20
2.97772e-19
8.6524e-17
-4.77305e-16
-1.26141e-14
-1.66213e-13
-5.26778e-13
-3.98955e-12
-8.23895e-12
1.25533e-10
2.09695e-09
1.36711e-08
5.99027e-08
1.83494e-07
-3.93265e-06
-2.98723e-05
-0.000117098
-0.000256047
-1.55309e-06
0.16703
0.500877
0.834037
0.999739
0.999626
0.999223
0.997904
0.994563
0.995482
0.996251
0.995826
0.993575
0.83656
0.514504
0.193751
0.0195473
-0.00120153
-0.000941375
-0.000391214
-6.33556e-05
6.45821e-06
5.92846e-06
4.11308e-06
1.66627e-06
1.75721e-07
-9.22051e-09
-7.08524e-09
-1.56551e-09
2.66121e-11
-2.65126e-11
-1.04597e-11
-1.15879e-13
1.52747e-14
3.41499e-14
1.20787e-14
3.73331e-28
7.16179e-25
2.50703e-24
-3.73495e-23
-2.53693e-21
-6.55306e-20
-2.29496e-19
-1.01681e-19
4.89064e-17
3.1004e-16
-3.34163e-15
-7.38523e-14
-4.22758e-13
-3.87316e-12
-1.00439e-11
-4.29813e-11
9.03569e-11
4.13633e-09
2.76487e-08
1.14736e-07
3.29468e-07
-7.23388e-06
-5.24827e-05
-0.000190506
-0.000363863
5.94618e-05
0.167423
0.501412
0.834378
0.999377
0.999125
0.998255
0.995482
0.988748
0.99068
0.992261
0.991427
0.987129
0.835167
0.519008
0.204959
0.0266298
-0.0014348
-0.00112335
-0.000471127
-8.85993e-05
6.07337e-06
5.96033e-06
4.1738e-06
1.605e-06
3.07075e-08
1.85328e-09
-2.13832e-09
-4.09046e-10
-2.22045e-11
-9.43414e-12
-1.26062e-12
6.93313e-15
4.3124e-14
2.98907e-14
1.61426e-28
3.96076e-25
1.09233e-23
-1.01921e-23
-1.49445e-21
-4.26406e-20
-7.07012e-19
-6.4843e-19
9.91622e-18
1.94649e-16
7.17681e-16
-1.99419e-14
-2.34129e-13
-2.53801e-12
-8.72781e-12
-3.08266e-11
-1.18553e-10
3.43586e-11
7.66321e-09
5.2184e-08
2.06162e-07
5.57318e-07
-1.15739e-05
-8.30219e-05
-0.000282084
-0.000495022
0.000309371
0.168267
0.502288
0.834852
0.998584
0.998047
0.996251
0.99068
0.977714
0.98155
0.984583
0.983071
0.975323
0.829499
0.520604
0.214726
0.032229
-0.00163404
-0.00133706
-0.00068714
-0.000206164
5.67785e-06
5.2759e-06
3.39205e-06
1.00328e-06
-1.4696e-08
-1.10085e-08
-5.28861e-09
-2.54059e-11
-2.6183e-11
-1.59937e-11
-1.46343e-12
-2.92005e-13
-2.77669e-14
-9.86671e-27
1.55803e-25
7.92878e-24
8.80682e-23
-6.96426e-22
-2.41771e-20
-4.92565e-19
-2.37972e-18
-4.70923e-19
7.91792e-17
6.89065e-16
1.81623e-15
-8.55765e-14
-1.17793e-12
-5.35034e-12
-1.92546e-11
-7.79835e-11
-2.65998e-10
-6.57561e-11
1.35664e-08
9.34795e-08
3.59834e-07
8.83761e-07
-1.60914e-05
-0.000120005
-0.000388217
-0.000655863
0.000931074
0.169896
0.503819
0.835538
0.996919
0.995826
0.992261
0.981549
0.957832
0.963576
0.97027
0.967994
0.95513
0.816025
0.515173
0.218428
0.0336256
-0.00164271
-0.00135202
-0.000764128
-0.000247394
4.90206e-06
4.36733e-06
2.5703e-06
6.38611e-07
-5.00302e-08
-1.56638e-08
-7.88324e-10
-1.35396e-10
-4.05455e-11
-8.18798e-12
8.68503e-14
9.17526e-14
-7.46175e-27
-3.55575e-26
4.03485e-24
8.99415e-23
1.91368e-22
-1.05631e-20
-2.74069e-19
-1.84021e-18
-7.09386e-18
1.26493e-17
3.31683e-16
1.45002e-15
5.37101e-15
-1.28984e-13
-2.24405e-12
-1.02962e-11
-4.25496e-11
-1.70845e-10
-5.18676e-10
-2.74068e-10
2.40761e-08
1.66833e-07
6.40836e-07
1.28794e-06
-2.1544e-05
-0.00016495
-0.000515941
-0.000850098
0.00216992
0.172797
0.506419
0.836354
0.993575
0.991426
0.984583
0.963575
0.926487
0.933911
0.946581
0.943093
0.922703
0.789852
0.497342
0.210408
0.0286519
-0.00174099
-0.00142701
-0.000802766
-0.000160589
4.00926e-06
3.50025e-06
1.85148e-06
2.30053e-07
-3.76691e-09
-5.35182e-10
-3.0892e-10
-1.17299e-10
-3.74925e-11
-1.35462e-11
1.74506e-13
-2.14769e-27
-1.66417e-25
1.25586e-24
4.92475e-23
7.18702e-22
-6.7592e-22
-1.12827e-19
-1.07086e-18
-5.40529e-18
-2.50036e-17
3.7004e-17
6.60909e-16
3.91026e-15
6.82174e-15
-3.7367e-13
-4.10276e-12
-1.98098e-11
-8.75348e-11
-3.31099e-10
-9.10511e-10
-6.70221e-10
4.31639e-08
2.8814e-07
1.00046e-06
1.75436e-06
-2.90674e-05
-0.000218743
-0.000668196
-0.00107139
0.00434979
0.177584
0.510252
0.836735
0.987128
0.98307
0.970267
0.933907
0.882092
0.890953
0.909475
0.904044
0.873585
0.745729
0.462518
0.186781
0.0156875
-0.000991103
-0.000759906
-0.000345077
-7.73412e-05
3.11085e-06
2.48766e-06
1.02013e-06
5.69421e-10
-1.75128e-10
-1.55503e-10
-9.61944e-11
-7.05006e-11
-4.37138e-11
-8.34791e-12
-6.07208e-28
-9.85636e-26
-1.30097e-24
2.20838e-23
3.81905e-22
3.21628e-21
2.50823e-21
-4.40337e-19
-3.07858e-18
-1.64401e-17
-6.20372e-17
5.2629e-17
1.64182e-15
5.87258e-15
5.64382e-15
-6.57583e-13
-6.77449e-12
-3.65927e-11
-1.65704e-10
-6.07452e-10
-1.44698e-09
-1.41122e-09
6.41091e-08
4.34953e-07
1.37956e-06
2.26722e-06
-3.73647e-05
-0.000280859
-0.000840162
-0.00130694
0.00785258
0.184825
0.515019
0.835327
0.975319
0.967989
0.946573
0.890945
0.821962
0.830472
0.851283
0.845073
0.805051
0.682371
0.410234
0.144751
-0.000547369
-0.000479981
-0.00039678
-0.00019246
-3.25397e-05
2.07173e-06
1.41706e-06
3.71841e-07
3.36482e-10
-1.16612e-10
-1.00274e-10
-9.58974e-11
-7.54898e-11
-2.37833e-11
1.42108e-27
-3.6415e-26
-8.86969e-25
-9.39663e-24
1.58023e-22
2.22677e-21
1.81406e-20
2.05357e-20
-1.17916e-18
-8.18314e-18
-3.82987e-17
-1.16672e-16
2.85785e-16
2.67787e-15
4.66549e-15
4.08613e-15
-1.44882e-13
-7.4011e-12
-6.19525e-11
-3.03032e-10
-1.13013e-09
-1.73002e-09
-2.51635e-09
8.52344e-08
5.94316e-07
1.78338e-06
2.74795e-06
-4.54165e-05
-0.000348409
-0.00102078
-0.00152659
0.0129664
0.194543
0.519467
0.829638
0.95512
0.943081
0.909454
0.830455
0.744556
0.75159
0.770988
0.766347
0.719643
0.602936
0.346082
0.0935706
-0.000480795
-0.000442851
-0.000316048
-0.000125978
-7.78528e-06
1.03252e-06
6.23609e-07
2.06602e-07
1.36691e-09
-1.25144e-10
-6.86865e-11
-7.18e-11
-3.51118e-11
3.76115e-27
-2.90347e-27
-3.02047e-25
-1.08753e-23
-7.42542e-24
1.04943e-21
1.18488e-20
6.19272e-20
1.22996e-19
-2.35249e-18
-1.72913e-17
-7.58158e-17
-1.984e-16
9.09362e-17
1.53747e-15
2.18178e-15
-1.96124e-15
1.71344e-14
-6.67974e-12
-1.03249e-10
-5.39848e-10
-1.46655e-09
-2.47795e-09
-2.32405e-09
1.12539e-07
7.65245e-07
2.16318e-06
3.1302e-06
-5.24228e-05
-0.000416617
-0.00118634
-0.00168024
0.0195664
0.205629
0.521
0.816149
0.922681
0.904017
0.851227
0.751571
0.652173
0.659075
0.675063
0.672579
0.622429
0.51588
0.278869
0.0664136
-0.000499233
-0.000465389
-0.00031509
-0.000115518
-4.70944e-06
3.16375e-07
1.11675e-07
4.75574e-08
7.02559e-09
-4.54868e-10
-2.68703e-10
-1.17074e-10
1.61956e-27
1.63615e-26
-5.04681e-27
-2.99294e-24
-4.03603e-23
1.05292e-22
4.85761e-21
3.83912e-20
1.30613e-19
4.74706e-19
-2.46019e-18
-2.98812e-17
-1.23354e-16
-2.85204e-16
-8.4002e-16
-2.36247e-16
-7.58824e-16
9.8586e-15
8.33415e-14
-1.38914e-12
-1.46554e-10
-7.51979e-10
-2.23684e-09
-2.24871e-09
2.69013e-10
1.61144e-07
9.94537e-07
2.47915e-06
3.36963e-06
-6.16743e-05
-0.000498844
-0.00130718
-0.00178319
0.0266968
0.215341
0.515543
0.789966
0.873537
0.845017
0.770931
0.659068
0.550274
0.557192
0.567561
0.571663
0.52054
0.424032
0.212887
0.0413172
-0.000468151
-0.000428463
-0.000285837
-0.000103415
4.35326e-08
1.02744e-07
8.07312e-08
3.45656e-08
1.17942e-09
1.26394e-10
-5.99839e-11
2.17999e-28
1.05085e-26
2.95437e-26
1.34316e-25
-1.22131e-23
-3.42643e-23
-1.20038e-22
8.86018e-21
6.47724e-20
3.21076e-19
6.83645e-19
4.21857e-19
-4.163e-17
-2.00518e-16
-7.64601e-16
-1.65901e-15
-1.47153e-15
3.66468e-15
7.74276e-14
-5.30318e-14
-5.51043e-12
-2.49492e-10
-1.38402e-09
-2.41954e-09
-2.25583e-09
5.24215e-09
2.79575e-07
1.29158e-06
2.94778e-06
3.13182e-06
-9.85747e-05
-0.000601968
-0.00141828
-0.00192247
0.0323452
0.219043
0.497703
0.745825
0.804972
0.766283
0.675099
0.557258
0.444294
0.45075
0.46302
0.470221
0.422709
0.319866
0.147283
0.0235828
-0.000479788
-0.000410997
-0.000218139
-4.55568e-05
1.0364e-07
9.9664e-08
6.91658e-08
2.33583e-08
-9.36055e-11
-1.27426e-10
-3.17283e-37
4.79085e-27
2.30683e-26
1.20247e-25
3.5471e-25
-1.75325e-23
-1.70978e-22
-9.17374e-22
5.63924e-21
1.21708e-19
5.00695e-19
1.40259e-18
6.49334e-18
-5.69314e-17
-3.62229e-16
-1.34903e-15
-1.70334e-15
-5.76182e-16
3.92375e-14
1.99205e-13
-5.83674e-14
-3.18378e-11
-5.45851e-10
-1.89686e-09
-3.25487e-09
-3.04723e-09
1.67893e-08
4.61673e-07
1.82845e-06
2.99092e-06
1.78655e-06
-0.000153948
-0.000699215
-0.00155108
-0.00208654
0.033731
0.211011
0.462846
0.682436
0.719512
0.67251
0.567447
0.450693
0.341224
0.349372
0.36304
0.372621
0.327333
0.224861
0.0978194
0.0127786
-0.000566167
-0.00048301
-0.000207752
-1.18975e-05
-2.54269e-09
4.76531e-08
3.08833e-08
9.34348e-09
1.82936e-11
-9.29457e-38
5.23583e-28
1.09999e-26
6.51632e-26
4.7816e-25
-6.42812e-25
-9.04753e-23
-5.85938e-22
-1.60052e-21
6.04184e-21
1.89367e-19
9.9188e-19
4.65314e-18
1.4769e-17
-3.60171e-17
-5.9619e-16
-1.33881e-15
-8.8887e-16
1.39911e-14
1.16953e-13
4.51062e-13
-9.03724e-14
-8.13036e-11
-7.92647e-10
-2.54718e-09
-4.00073e-09
-3.72988e-09
5.99384e-08
7.53803e-07
2.41484e-06
2.83e-06
1.74282e-06
-0.000197535
-0.000790154
-0.00179433
-0.00200805
0.0287114
0.18731
0.410424
0.602867
0.62213
0.571386
0.462874
0.349324
0.245642
0.255288
0.270483
0.282522
0.242764
0.154022
0.0631365
0.00587531
-0.000443337
-0.000300998
-9.28334e-05
-2.76965e-06
2.64418e-08
1.68045e-08
7.95697e-09
8.99894e-10
-4.73723e-37
-8.15286e-31
2.07203e-27
2.86502e-26
2.19228e-25
2.10902e-24
-1.22461e-23
-2.34504e-22
-1.09161e-21
-1.66618e-21
-3.04743e-21
2.44688e-19
2.0953e-18
1.03564e-17
1.78325e-17
-2.70172e-17
-3.11222e-16
-4.82553e-16
1.31411e-15
4.74017e-14
2.71572e-13
8.88097e-13
-3.60281e-13
-1.4648e-10
-1.08141e-09
-3.12281e-09
-4.54045e-09
-2.62869e-09
1.75661e-07
1.28954e-06
2.47334e-06
2.7187e-06
2.6525e-06
-0.000245176
-0.00104783
-0.00183027
-0.00186306
0.015933
0.145707
0.346275
0.515648
0.520273
0.470036
0.362965
0.2553
0.160506
0.172235
0.19089
0.204019
0.169221
0.103451
0.0391333
0.00169946
-9.28495e-05
-4.34102e-05
-2.17739e-05
-5.51008e-06
7.92034e-09
4.2797e-09
2.43524e-09
6.41062e-36
-4.05182e-31
-8.23431e-29
1.89468e-27
6.31561e-26
1.07594e-24
5.42599e-24
-6.92846e-24
-4.00976e-22
-1.30806e-21
-4.89012e-21
-2.18754e-20
1.24768e-19
3.95019e-18
1.10845e-17
2.98406e-17
3.03889e-17
-5.27407e-17
-3.11994e-16
8.35924e-15
1.13317e-13
5.40644e-13
1.57517e-12
-1.09029e-12
-2.29854e-10
-1.47487e-09
-3.56911e-09
-4.81276e-09
4.66007e-09
4.28795e-07
1.59754e-06
2.5157e-06
2.79677e-06
-3.10924e-07
-0.000362377
-0.00123095
-0.0016862
-0.00121328
-0.000737765
0.0936414
0.278839
0.424023
0.422647
0.37259
0.270458
0.172267
0.0913912
0.105448
0.126026
0.13867
0.111045
0.0661868
0.022238
-3.37187e-05
-3.3726e-05
-2.77805e-05
-1.50693e-05
-2.76816e-06
1.0987e-08
7.07615e-09
3.12738e-36
1.01875e-31
4.39153e-29
1.31604e-27
-9.53321e-28
1.28778e-25
2.79147e-24
7.42365e-24
2.7719e-23
-5.20583e-22
-2.84189e-21
-1.53008e-20
-5.46684e-20
-2.00875e-19
2.43206e-18
1.59975e-17
2.28535e-17
1.08447e-17
-1.71134e-16
-8.78854e-16
2.1016e-14
2.26952e-13
9.66417e-13
2.60345e-12
-1.16421e-12
-4.3517e-10
-1.93452e-09
-3.90056e-09
-5.03929e-09
3.07511e-08
6.23782e-07
1.86367e-06
2.73497e-06
2.66321e-06
-1.23432e-06
-0.000455213
-0.00101943
-0.000966551
-0.000693673
-0.000574503
0.0665208
0.213035
0.320317
0.327335
0.282615
0.191057
0.105521
0.0409196
0.056138
0.0772012
0.089379
0.069047
0.0391364
0.0106986
-3.6532e-05
-3.54156e-05
-2.63917e-05
-1.08168e-05
-1.33413e-07
-6.8882e-09
-1.55199e-35
1.16124e-31
3.14649e-29
9.16914e-28
8.13442e-27
-2.28421e-26
5.19927e-25
4.40942e-24
2.42666e-23
1.61863e-22
-2.64069e-22
-6.01281e-21
-3.98403e-20
-1.65125e-19
-8.24549e-19
8.21258e-19
6.44682e-18
2.23072e-18
-7.78293e-17
-5.33109e-16
-1.78456e-15
4.22752e-14
4.09153e-13
1.72459e-12
3.94765e-12
-7.58223e-12
-6.59648e-10
-2.29389e-09
-4.20142e-09
-5.4656e-09
1.04413e-07
8.80714e-07
2.04362e-06
2.59503e-06
1.58531e-06
1.83096e-06
-0.000284982
-0.000517672
-0.000564587
-0.000562683
-0.000555716
0.0415097
0.14754
0.224853
0.243073
0.204419
0.126282
0.0562054
0.0086416
0.0207879
0.0438584
0.0542975
0.0398907
0.0212417
0.00504154
-3.51254e-05
-3.28647e-05
-2.06073e-05
-5.55358e-06
5.95436e-08
-2.99794e-34
1.09425e-31
2.27025e-29
6.32523e-28
8.52604e-27
-7.47687e-27
-2.79697e-25
1.33321e-24
1.29678e-23
1.02424e-22
3.02642e-22
1.29993e-21
-5.4647e-21
-6.52384e-20
-5.5133e-19
-9.73686e-19
-2.12644e-18
-5.938e-18
-3.55302e-17
-2.53778e-16
-1.11609e-15
-3.16953e-15
7.88409e-14
7.46229e-13
2.94222e-12
5.52873e-12
-3.32601e-11
-8.48433e-10
-2.51127e-09
-4.60071e-09
-6.43027e-09
2.20015e-07
9.10048e-07
2.2193e-06
2.02958e-06
2.0865e-06
2.77465e-06
-0.000150282
-0.000328232
-0.000468392
-0.000546732
-0.000542242
0.0236377
0.0978627
0.154146
0.169877
0.139204
0.0774756
0.0208395
-0.000873622
0.00590272
0.0219812
0.0298977
0.0212088
0.0108081
0.00227348
-3.04082e-05
-2.65932e-05
-1.4574e-05
-2.22952e-06
-1.26371e-33
7.38589e-32
1.30895e-29
3.97616e-28
6.99842e-27
2.92311e-27
-1.56413e-25
-1.3531e-24
2.85561e-24
4.64503e-23
2.40596e-22
1.20067e-21
4.41506e-21
1.6079e-20
-1.22268e-19
-5.4808e-19
-1.64328e-18
-4.7693e-18
-1.64191e-17
-9.93236e-17
-5.37644e-16
-2.02034e-15
-5.67744e-15
1.5115e-13
1.2556e-12
3.90968e-12
8.0986e-12
-1.12337e-10
-9.76524e-10
-2.63715e-09
-5.36373e-09
-7.5477e-09
1.64453e-07
1.07816e-06
1.70492e-06
1.98233e-06
2.64941e-06
3.09812e-06
-8.36629e-05
-0.000244625
-0.000431332
-0.000512403
-0.000575015
0.0126834
0.0631816
0.103355
0.111678
0.0898957
0.044096
0.00597801
0.00041623
0.00165596
0.00959651
0.0144979
0.0104245
0.00515912
0.000999245
-2.36868e-05
-1.99977e-05
-7.12222e-06
-6.47693e-34
-3.90824e-32
4.4483e-30
1.97288e-28
3.11622e-27
8.52256e-27
-4.50474e-26
-8.16289e-25
-3.53193e-24
8.00513e-24
1.19061e-22
7.39098e-22
3.63757e-21
1.41675e-20
5.25958e-20
-3.10191e-20
-5.6548e-19
-1.99337e-18
-5.47834e-18
-1.81542e-17
-1.85704e-16
-9.68694e-16
-3.6094e-15
-1.03766e-14
2.42762e-13
1.70435e-12
5.33238e-12
1.42653e-11
-1.0849e-10
-9.58403e-10
-2.86093e-09
-6.48411e-09
-7.45885e-09
1.78112e-07
7.67161e-07
1.46658e-06
2.29112e-06
2.94764e-06
3.15368e-06
-4.70044e-05
-0.000197206
-0.000347126
-0.000532097
-0.000528411
0.00582741
0.0393529
0.0661834
0.0695824
0.0547798
0.0222522
0.0017095
2.08351e-06
-3.69283e-05
0.00413428
0.0067718
0.00489423
0.00238023
0.000427536
-1.71263e-05
-1.06522e-05
-1.74327e-34
-3.1167e-32
-9.29091e-31
-5.57134e-30
7.75253e-28
5.52745e-27
2.07983e-26
-2.5839e-25
-1.95034e-24
-9.35825e-24
1.25137e-23
3.03355e-22
1.93545e-21
8.93835e-21
3.53901e-20
8.07349e-20
2.40047e-19
-1.14682e-19
4.86805e-19
7.7443e-19
1.67639e-18
-2.73235e-16
-1.68879e-15
-6.71314e-15
-1.72301e-14
3.70744e-13
2.45965e-12
1.10473e-11
1.70263e-11
-2.43026e-11
-8.38347e-10
-3.5787e-09
-6.55096e-09
-6.42853e-09
7.94846e-08
5.13344e-07
1.36624e-06
2.29943e-06
2.88459e-06
3.28013e-06
-2.38657e-05
-0.00012389
-0.000320573
-0.000475238
-0.000457557
0.00154351
0.0223493
0.0392781
0.0403124
0.0303623
0.00979419
-3.69867e-05
-3.69795e-05
-3.69034e-05
0.00190126
0.00311369
0.0022429
0.00107265
0.000174233
-8.5614e-06
2.79162e-34
-1.20236e-32
-6.77401e-31
-3.89758e-29
3.31905e-29
2.54694e-27
1.45867e-26
7.97052e-26
-5.51837e-25
-5.22883e-24
-1.27127e-23
-2.31948e-23
3.76654e-22
3.79637e-21
1.80569e-20
6.29032e-20
1.96175e-19
2.85319e-19
5.53333e-19
1.01177e-18
2.71117e-18
1.59746e-17
-4.55018e-16
-3.17533e-15
-1.12135e-14
-3.08304e-14
5.73056e-13
5.90638e-12
1.481e-11
1.37366e-11
1.46402e-11
-8.80062e-10
-3.32752e-09
-5.1401e-09
-3.43828e-09
-7.07861e-09
3.39859e-07
1.11191e-06
1.80783e-06
2.96987e-06
2.92442e-06
3.27469e-06
-7.31693e-05
-0.000242014
-0.000324236
-0.000138734
-4.54834e-05
0.0107548
0.0214851
0.0215118
0.0147405
0.00420727
-3.69036e-05
-3.67497e-05
-3.6054e-05
0.000854582
0.0014038
0.00100511
0.000471842
5.54028e-05
1.27317e-34
2.58825e-33
-3.51419e-31
-2.13782e-29
-1.28002e-28
5.14356e-28
6.82449e-27
4.82498e-26
2.28619e-25
-1.20391e-24
-7.46854e-24
-2.42323e-23
-4.94037e-23
-2.37035e-22
3.952e-21
2.67234e-20
1.13553e-19
2.30424e-19
4.83413e-19
9.22536e-19
2.26465e-18
1.03897e-17
3.38804e-17
-8.73406e-16
-5.38267e-15
-2.16836e-14
-4.89597e-14
1.70098e-12
7.96835e-12
1.18738e-11
1.39602e-11
1.60833e-11
-5.0216e-10
-2.14069e-09
-2.68783e-09
-6.9826e-09
-7.61911e-09
1.31225e-07
5.38454e-07
1.6248e-06
2.43986e-06
3.1122e-06
3.29848e-06
-3.30929e-05
-0.000114187
-7.5215e-05
-4.53965e-05
-3.49781e-05
0.00511971
0.0109836
0.0106043
0.00689624
0.00193639
-3.60531e-05
-3.54067e-05
-3.3482e-05
0.000372888
0.000619437
0.000451568
0.000125122
2.12622e-35
2.03686e-33
-4.72995e-32
-5.83175e-30
-6.95188e-29
-3.25526e-28
1.05295e-27
1.90123e-26
1.31554e-25
4.0714e-25
-7.79003e-25
-9.6082e-24
-3.65094e-23
-1.98133e-22
-3.81675e-22
-5.98114e-22
2.84572e-20
1.16784e-19
2.85396e-19
6.54899e-19
1.57059e-18
5.76361e-18
2.54196e-17
4.37184e-17
-1.53589e-15
-1.01785e-14
-4.00782e-14
-4.972e-14
1.82575e-12
6.36396e-12
1.0381e-11
1.50088e-11
1.50471e-11
-1.4412e-10
-1.07689e-09
-4.6884e-09
-6.53845e-09
-2.35509e-09
-9.16163e-09
2.69497e-07
1.01682e-06
1.99151e-06
2.86171e-06
2.42842e-06
-7.89344e-07
-1.90234e-05
-2.8369e-05
-2.96113e-05
-2.58751e-05
0.00232079
0.00525454
0.00498574
0.00317115
0.000870252
-3.34817e-05
-3.22196e-05
-2.90206e-05
0.000156963
0.000273178
0.000147378
7.68162e-37
8.65639e-34
8.17304e-33
9.66751e-32
-1.65451e-29
-2.04355e-28
-2.99079e-28
1.29583e-28
4.21948e-26
2.48425e-25
5.50303e-25
1.56622e-24
-8.69784e-24
-8.42012e-23
-2.8426e-22
-1.0966e-21
-2.60675e-21
1.29931e-20
9.2373e-20
3.03814e-19
8.27674e-19
3.09968e-18
1.82467e-17
4.18716e-17
2.10456e-17
-2.41269e-15
-1.99722e-14
-4.3447e-14
-4.18197e-14
1.14853e-12
4.12997e-12
9.4198e-12
1.34245e-11
2.40773e-11
-9.04216e-11
-1.25872e-09
-3.45699e-09
-4.50937e-09
-7.50246e-09
3.52556e-09
-1.74155e-08
4.20499e-07
1.35729e-06
1.98916e-06
1.72122e-06
-2.74066e-06
-1.17343e-05
-1.7545e-05
-2.14744e-05
-1.81044e-05
0.00102185
0.00242639
0.00228546
0.00142885
0.000379657
-2.90198e-05
-2.72779e-05
-2.32087e-05
8.52353e-05
9.58463e-05
-2.34083e-35
1.78538e-34
6.11136e-33
6.02097e-32
4.15812e-31
-5.15447e-29
-1.87801e-28
-2.30995e-28
-1.18937e-27
8.11668e-26
3.64862e-25
1.51604e-24
3.62183e-24
2.34815e-25
-7.63283e-23
-5.257e-22
-1.9409e-21
-2.68033e-21
-3.58121e-21
2.90663e-20
1.52054e-19
7.27975e-19
9.14234e-18
3.13619e-17
4.76043e-17
3.28838e-17
-3.97021e-15
-2.11947e-14
-3.51378e-14
5.34998e-14
1.26554e-13
2.49072e-12
6.64188e-12
1.15337e-11
-1.38509e-11
2.71086e-12
-4.03478e-10
-1.84824e-09
-3.2434e-09
-1.39122e-09
-1.66545e-08
-1.03162e-08
1.76898e-07
7.70826e-07
1.12784e-06
3.60512e-07
-1.15549e-08
-3.80069e-06
-1.02979e-05
-1.424e-05
-1.13e-05
0.000438957
0.00109393
0.00102409
0.000630136
0.000159802
-2.32096e-05
-2.13164e-05
-1.44797e-05
3.09203e-05
-9.97168e-36
-8.2522e-35
2.03447e-33
2.73568e-32
2.51482e-31
9.77008e-31
-5.77889e-29
-1.71238e-28
-8.21081e-28
-3.62823e-27
8.58139e-26
7.19261e-25
2.53145e-24
4.3969e-24
7.76901e-24
-2.23059e-23
-6.89163e-22
-1.92077e-21
-3.11476e-21
-2.6699e-21
4.19112e-21
-2.83711e-20
2.08613e-18
1.22241e-17
3.72977e-17
4.79089e-17
4.40858e-17
-4.32755e-15
-2.14832e-14
-1.64281e-14
-9.0973e-15
-2.99763e-14
1.646e-12
5.91679e-12
7.63379e-13
2.454e-12
-6.83245e-12
-5.19401e-11
-2.25583e-10
-7.26501e-10
-8.97218e-09
-4.1625e-09
1.169e-09
1.55277e-09
2.57336e-07
1.76256e-07
9.98781e-08
1.44689e-07
-1.17228e-06
-5.43461e-06
-8.31392e-06
-6.35321e-06
0.000181902
0.000481678
0.000460179
0.000277623
8.70266e-05
-1.43557e-05
-1.29251e-05
-4.8675e-06
-1.50712e-36
-3.68278e-35
-6.0291e-34
3.0546e-33
7.04738e-32
4.71412e-31
1.6225e-30
-3.94439e-29
-2.47463e-28
-1.57426e-27
-6.91146e-27
3.99093e-26
5.6494e-25
2.03693e-24
4.33539e-24
4.38448e-24
-1.25603e-23
-3.48732e-22
-1.04435e-21
-1.83649e-21
-1.45664e-21
-1.64948e-20
4.02205e-20
4.88174e-20
9.99816e-18
3.37681e-17
3.34455e-17
2.74932e-17
-3.52474e-15
-7.63421e-15
-6.94409e-15
-1.84128e-14
-2.91404e-14
6.29568e-13
5.21369e-13
1.63652e-12
-4.03409e-13
-2.51483e-12
-3.39234e-11
-9.05724e-11
-3.05083e-10
-5.78383e-11
1.01751e-10
6.37495e-11
-2.39504e-10
2.88965e-08
4.45075e-08
9.09279e-08
6.20284e-09
-4.89817e-08
-1.56713e-06
-3.29299e-06
-2.49218e-06
5.89065e-05
0.000128306
0.000149517
9.68899e-05
3.12718e-05
-4.87585e-06
-3.63247e-06
)
;

boundaryField
{
    left
    {
        type            fixedValue;
        value           nonuniform List<scalar> 
60
(
1
1
1
1
1
1
0
0
0
0
0
0
0
0
0
0
0
0
0
0
0
0
0
0
0
0
0
0
0
0
0
0
0
0
0
0
0
0
0
0
0
0
0
0
0
0
0
0
0
0
0
0
0
0
0
0
0
0
0
0
)
;
    }
    right
    {
        type            zeroGradient;
    }
    bottom
    {
        type            fixedValue;
        value           nonuniform List<scalar> 
60
(
1
1
1
1
1
1
0
0
0
0
0
0
0
0
0
0
0
0
0
0
0
0
0
0
0
0
0
0
0
0
0
0
0
0
0
0
0
0
0
0
0
0
0
0
0
0
0
0
0
0
0
0
0
0
0
0
0
0
0
0
)
;
    }
    top
    {
        type            zeroGradient;
    }
    frontAndBack
    {
        type            empty;
    }
}


// ************************************************************************* //
