/*--------------------------------*- C++ -*----------------------------------*\
| =========                 |                                                 |
| \\      /  F ield         | OpenFOAM: The Open Source CFD Toolbox           |
|  \\    /   O peration     | Version:  v2106                                 |
|   \\  /    A nd           | Website:  www.openfoam.com                      |
|    \\/     M anipulation  |                                                 |
\*---------------------------------------------------------------------------*/
FoamFile
{
    version     2.0;
    format      ascii;
    arch        "LSB;label=32;scalar=64";
    class       volScalarField;
    location    "0.4";
    object      T;
}
// * * * * * * * * * * * * * * * * * * * * * * * * * * * * * * * * * * * * * //

dimensions      [0 0 0 1 0 0 0];

internalField   nonuniform List<scalar> 
3600
(
1
1
1
1
1
1
0.428571
0.047619
7.14285e-11
-3.60239e-26
-2.20191e-26
-1.03288e-26
-4.30431e-27
-6.30316e-27
-8.5081e-27
1.55301e-21
7.90223e-20
1.59417e-18
3.14484e-17
4.70333e-16
2.8004e-16
8.26204e-17
1.2566e-17
-5.95635e-17
-7.08154e-17
-3.17547e-17
-6.20456e-18
4.78816e-19
4.77884e-19
3.28236e-19
1.13138e-20
-1.77506e-20
-1.75492e-20
-1.61136e-20
-1.05288e-20
-2.7485e-21
-4.8352e-23
-2.25222e-23
-3.69303e-24
-1.3874e-27
-1.94752e-28
4.56278e-29
7.58929e-29
2.98916e-29
-1.24063e-28
-1.13881e-28
-4.18143e-29
-3.2796e-30
-4.05799e-31
1.28321e-31
9.15989e-32
2.13484e-32
-3.93953e-36
-6.18983e-36
-2.76491e-36
-2.65145e-37
-1.74305e-38
-1.39528e-39
-3.96797e-41
-3.51112e-44
1
1
1
1
1
1
0.928571
0.496032
0.139881
-6.42998e-11
-6.42996e-11
-3.8293e-11
-1.76368e-11
-6.3949e-12
-7.38822e-13
-4.27212e-16
-5.45079e-16
-8.08211e-16
-7.68409e-16
-1.96104e-16
2.5689e-15
5.90575e-15
3.33514e-15
8.54242e-16
1.42971e-16
-3.01264e-16
-2.07114e-16
-1.19229e-16
-5.39882e-17
-5.71171e-19
5.14933e-18
2.00918e-18
3.44322e-19
3.11037e-20
6.96296e-21
7.47265e-21
6.06459e-21
2.30183e-21
-2.51562e-23
-2.02276e-23
-1.50665e-23
-1.03566e-23
-5.82189e-24
-1.01717e-24
2.56689e-28
-6.67054e-29
-3.50539e-29
1.64545e-29
-1.37137e-30
-6.30942e-31
-1.26059e-31
-1.60475e-32
-4.09528e-33
1.0283e-34
4.25031e-35
1.23174e-35
3.4765e-36
-9.03949e-40
-4.92994e-40
-2.10687e-40
1
1
1
1
1
1
1
0.860119
0.5
0.15997
1.87113e-09
-1.03093e-09
-6.16855e-10
-2.84339e-10
-1.01036e-10
-8.04875e-12
-1.60823e-14
-1.96596e-14
-2.38964e-14
-2.26333e-14
-1.41059e-14
-2.04762e-15
3.23112e-14
2.22252e-14
9.11391e-15
1.3071e-15
-1.46627e-15
-9.65503e-16
-5.36282e-16
-2.21396e-16
-1.31473e-17
-1.32663e-18
2.88691e-19
1.84414e-19
3.54803e-21
1.87609e-22
4.95865e-21
7.40237e-21
5.28546e-21
2.91057e-21
1.15123e-21
2.74037e-22
-6.91045e-24
-3.48059e-24
-8.23872e-25
3.13774e-27
1.76268e-27
4.94094e-28
2.06614e-28
-1.6114e-29
-1.12405e-29
-9.67956e-31
-1.8271e-31
-3.89823e-32
-4.94083e-33
1.16379e-35
7.03005e-36
1.54172e-36
-3.47409e-39
-1.47442e-39
1
1
1
1
1
1
1
1
0.84003
0.5
0.164993
1.37955e-08
-8.25751e-09
-4.9646e-09
-2.28879e-09
-7.92817e-10
-3.18825e-11
-9.64493e-13
-5.97734e-13
-4.07034e-13
-2.84139e-13
-1.51026e-13
-7.45311e-14
1.00601e-13
8.40239e-14
4.09656e-14
1.1312e-14
-4.033e-15
-3.72465e-15
-2.26221e-15
-7.27632e-16
9.39912e-18
5.85357e-18
1.3129e-18
5.80661e-20
-7.16992e-20
-4.85494e-20
-1.35022e-20
4.77329e-21
2.79183e-21
7.71063e-22
2.38599e-22
3.33605e-23
-2.09227e-24
-1.01114e-24
-5.1244e-26
-9.09384e-27
4.31713e-28
5.82883e-28
1.74219e-28
-9.60908e-30
-3.78049e-30
-6.25008e-32
-1.29543e-32
-1.82285e-33
1.66218e-35
1.46633e-35
7.21705e-36
7.34806e-37
3.36293e-39
1
1
1
1
1
1
1
1
1
0.835007
0.5
0.166248
4.99861e-08
-4.40016e-08
-2.65837e-08
-1.22407e-08
-4.09762e-09
-8.67228e-12
-6.47533e-12
-5.25509e-12
-4.34142e-12
-2.82765e-12
-3.91641e-13
1.26448e-13
1.88561e-13
1.67186e-13
1.03876e-13
4.22936e-14
1.87169e-15
-4.72149e-15
-3.00924e-15
-6.7409e-16
3.60371e-17
1.62607e-18
9.54527e-19
-5.86487e-19
-5.37969e-19
-2.76501e-19
-5.26643e-20
7.3471e-21
5.19132e-21
2.39222e-21
-2.22149e-22
2.07079e-23
-9.74705e-25
-2.98431e-25
-1.23906e-26
-1.8111e-27
4.40379e-28
3.19468e-28
7.40014e-29
-1.55573e-30
-3.80403e-31
-8.80247e-33
-3.88172e-33
3.84014e-35
-1.81225e-35
-1.88342e-36
-4.46883e-37
-8.26328e-38
1
1
1
1
1
1
1
1
1
1
0.833752
0.5
0.166562
1.4064e-07
-1.75265e-07
-1.06397e-07
-4.88535e-08
-1.48288e-08
-2.43537e-10
-4.32106e-11
-4.08892e-11
-3.39928e-11
-1.658e-11
-7.74717e-13
7.58726e-13
7.37206e-13
5.94611e-13
3.49404e-13
1.27963e-13
-5.034e-15
-4.38549e-15
-2.09524e-15
-1.97528e-16
1.75503e-17
1.40057e-17
6.16378e-18
-3.01864e-18
-2.23749e-18
-9.82567e-19
1.57306e-21
3.65232e-20
2.36918e-20
2.83978e-21
1.96133e-23
-8.12733e-25
-4.49001e-25
-1.40596e-25
-8.35072e-27
5.60931e-28
3.90782e-28
1.09478e-28
3.5962e-31
-4.34053e-32
-5.3812e-33
-3.43314e-32
-1.18967e-32
3.98734e-34
7.26952e-35
1.68989e-35
-2.69766e-38
0.428571
0.928571
1
1
1
1
1
1
1
1
1
0.833438
0.5
0.166641
3.64147e-07
-5.55987e-07
-3.39109e-07
-1.54124e-07
-4.30018e-08
-1.52397e-09
-1.70418e-10
-1.46858e-10
-8.16181e-11
-7.86486e-12
3.58382e-12
3.39447e-12
2.80362e-12
1.84386e-12
9.16665e-13
8.71456e-14
-1.25732e-14
-1.00295e-14
-4.50021e-15
-1.00363e-16
7.7857e-17
6.69791e-17
2.15671e-17
-1.47394e-17
-8.75888e-18
-2.5917e-18
4.51715e-20
3.01473e-20
1.02383e-20
2.66715e-21
1.00156e-24
-9.04102e-25
-6.55991e-25
-2.42435e-25
3.74257e-27
1.22475e-26
2.185e-27
-1.54495e-30
1.60843e-30
2.05952e-30
7.94577e-31
2.74207e-33
1.81822e-33
2.53434e-35
5.16908e-36
7.18851e-38
0.047619
0.496032
0.860119
1
1
1
1
1
1
1
1
1
0.83336
0.500002
0.166663
1.34752e-06
-1.46247e-06
-8.95528e-07
-4.02367e-07
-1.08256e-07
-1.74706e-09
4.22883e-11
-2.64373e-13
2.8687e-11
2.40595e-11
1.66318e-11
1.11072e-11
7.30179e-12
3.92494e-12
7.73031e-13
-2.52423e-14
-4.08606e-14
-2.86548e-14
-9.15386e-15
6.48436e-16
4.13611e-16
1.84155e-16
2.03116e-17
-2.13889e-17
-1.44222e-17
-3.35648e-18
-2.32196e-19
-4.61715e-20
-1.21367e-20
1.97418e-24
4.14676e-25
-9.62675e-25
-9.07488e-25
-4.29955e-25
-1.3615e-26
-2.76556e-27
-1.91083e-28
-1.03706e-28
-1.04038e-29
3.1646e-31
-1.45675e-32
-8.67358e-32
4.76958e-35
2.08112e-35
1.31796e-36
8.8315e-11
0.139881
0.5
0.84003
1
1
1
1
1
1
1
1
1
0.833344
0.50001
0.166676
7.62097e-06
-3.28317e-06
-2.01842e-06
-9.02784e-07
-2.34524e-07
-2.45522e-09
7.16371e-10
4.3672e-10
2.19847e-10
9.47717e-11
4.44456e-11
2.47473e-11
1.30965e-11
3.91777e-12
-8.76534e-14
-1.09326e-13
-9.22035e-14
-4.46174e-14
-5.04768e-15
2.73608e-15
1.76749e-15
6.51666e-16
-3.38525e-17
-2.99021e-17
-1.50362e-17
-1.67144e-18
-9.0459e-20
-1.32655e-20
6.74188e-23
5.81727e-23
2.14224e-23
4.15746e-25
-2.7145e-25
-9.70035e-26
6.98184e-27
5.92614e-27
1.1237e-27
-1.2106e-29
-6.3787e-30
-1.27581e-30
3.10265e-31
-1.68653e-33
1.54246e-33
-3.90449e-36
-2.70183e-11
2.22859e-09
0.15997
0.5
0.835007
1
1
1
1
1
1
1
1
0.999999
0.833351
0.500041
0.166704
2.83789e-05
-6.44262e-06
-3.98542e-06
-1.8004e-06
-4.83773e-07
-4.76617e-09
2.34889e-09
1.44949e-09
6.98024e-10
2.61411e-10
1.02879e-10
4.17541e-11
4.98668e-12
-2.3412e-13
-2.34053e-13
-2.13624e-13
-1.38026e-13
-4.16081e-14
3.12075e-15
3.25733e-15
2.42215e-15
8.49001e-16
-2.94421e-17
-2.45645e-17
-7.87032e-18
-5.66306e-20
-8.88589e-21
-3.02398e-23
3.146e-23
1.7605e-23
-5.19794e-25
-9.99713e-25
-6.11594e-25
-7.93577e-26
5.94625e-27
3.35749e-27
1.48983e-28
1.41894e-29
-4.11691e-30
-1.2367e-30
-2.33722e-31
-1.61256e-32
-7.95781e-35
-1.15123e-11
-8.12076e-10
1.98338e-08
0.164993
0.5
0.833752
1
1
1
1
0.999998
0.999998
0.999998
0.999998
0.999995
0.833394
0.500145
0.16679
8.59255e-05
-1.12805e-05
-7.67842e-06
-3.53116e-06
-8.70507e-07
-8.43231e-09
6.01044e-09
3.72978e-09
1.77135e-09
6.50538e-10
1.75862e-10
-3.8773e-12
-2.84252e-12
-1.63611e-12
-8.53343e-13
-4.17639e-13
-1.23612e-13
1.20002e-15
3.29226e-15
2.95676e-15
1.83448e-15
6.90142e-16
-1.68257e-17
-1.10278e-17
-2.43291e-18
-4.84367e-20
1.05608e-20
8.21931e-21
2.2353e-21
4.70804e-23
-4.16686e-25
-1.64257e-25
-1.95324e-26
-8.70431e-27
6.72765e-28
1.22383e-28
8.53008e-29
1.12603e-29
2.27064e-30
-5.4553e-32
-1.24635e-32
-1.40853e-33
-1.85958e-12
-4.79278e-10
-9.78034e-09
1.17151e-07
0.166248
0.5
0.833438
1
1
1
0.999998
0.999989
0.99999
0.999992
0.99999
0.999978
0.833529
0.500458
0.167024
0.000220629
-1.75213e-05
-1.32989e-05
-5.86572e-06
-1.23186e-06
-2.17581e-08
1.34832e-08
8.38534e-09
3.9593e-09
1.38812e-09
6.70397e-11
-2.46917e-11
-1.49368e-11
-7.08444e-12
-2.71812e-12
-3.9567e-13
4.66017e-14
3.29707e-14
9.97238e-15
2.89918e-15
6.87375e-16
-7.55582e-18
-7.14695e-18
-3.81264e-18
-6.8083e-19
-2.54876e-20
5.29101e-21
7.94297e-22
2.18939e-22
3.99354e-24
8.97885e-24
2.3232e-24
-1.01409e-26
-1.87836e-27
1.07275e-28
8.66002e-29
2.78612e-29
2.4873e-31
1.50726e-31
7.40923e-32
4.9258e-34
-1.84609e-17
-2.16159e-10
-5.86431e-09
-7.39894e-08
4.76656e-07
0.166562
0.5
0.83336
1
1
0.999998
0.99999
0.999956
0.999962
0.999967
0.999961
0.999918
0.833891
0.501269
0.167566
0.000492432
-2.46526e-05
-1.93308e-05
-8.38469e-06
-1.73715e-06
-7.011e-08
2.67473e-08
2.36717e-08
1.17887e-08
3.77823e-09
3.27848e-11
-6.47433e-11
-4.00009e-11
-1.90696e-11
-6.16236e-12
2.36446e-13
1.97445e-13
7.51808e-14
3.86805e-15
6.89947e-16
-1.42202e-17
-1.19945e-17
-7.64782e-18
-3.34198e-18
-3.8744e-19
-3.48035e-20
1.31278e-21
-6.05319e-22
-6.31506e-22
-8.94056e-23
-1.06106e-24
-1.08073e-25
-2.68844e-26
-3.52862e-27
5.65701e-29
3.28523e-29
7.29953e-30
3.35052e-31
5.30928e-32
-9.79337e-35
-1.84358e-17
-6.70029e-11
-2.69442e-09
-4.45692e-08
-4.04587e-07
1.4777e-06
0.166642
0.500002
0.833344
0.999999
0.999998
0.999992
0.999962
0.999839
0.999861
0.999881
0.999861
0.999721
0.834712
0.503045
0.168682
0.0010952
-3.26006e-05
-2.56258e-05
-1.12936e-05
-2.81652e-06
-2.7164e-07
1.84163e-09
3.58253e-08
2.22114e-08
8.61906e-09
1.17494e-09
-1.48508e-10
-9.99002e-11
-4.78455e-11
-1.16933e-11
1.81568e-13
1.23206e-13
3.15594e-14
1.92781e-15
4.341e-18
-1.55079e-17
-1.27841e-17
-7.78004e-18
-2.15629e-18
1.1624e-19
1.11871e-19
5.02275e-20
-6.92713e-22
-2.01979e-22
-1.03671e-23
-1.11448e-24
-2.7803e-25
-1.63625e-26
-8.29816e-27
-4.6833e-28
-1.04362e-28
7.48381e-31
2.64421e-31
1.08322e-31
1.69805e-14
-1.48083e-11
-9.5531e-10
-2.05913e-08
-2.44749e-07
-1.72661e-06
3.61054e-06
0.166668
0.500013
0.833353
0.999995
0.99999
0.999967
0.999861
0.999468
0.999543
0.999612
0.999548
0.99914
0.836238
0.506196
0.171435
0.0034361
-3.96169e-05
-3.26559e-05
-1.80558e-05
-6.78212e-06
-1.02395e-06
-3.56992e-08
5.34677e-08
3.92074e-08
1.61792e-08
3.58577e-09
-2.55803e-10
-2.00902e-10
-1.04496e-10
-2.90707e-11
8.70392e-14
5.1744e-14
1.6944e-14
3.05429e-15
-3.75962e-17
-3.3419e-17
-2.41797e-17
-9.05297e-18
1.25913e-19
1.30719e-19
1.04682e-19
2.51059e-20
-7.11919e-22
3.58439e-22
5.72936e-24
6.52972e-26
-4.34712e-26
-3.72538e-26
-1.55405e-26
-1.43898e-27
-1.4453e-28
-2.40716e-29
-1.52155e-30
8.57806e-15
3.16986e-12
-8.05358e-11
-7.15096e-09
-1.13071e-07
-1.04875e-06
-6.02196e-06
7.67014e-06
0.166687
0.50005
0.833401
0.999978
0.999961
0.999881
0.999543
0.998392
0.998631
0.998845
0.998665
0.997578
0.838397
0.511016
0.178784
0.00936152
-4.08824e-05
-3.61318e-05
-2.38909e-05
-1.19267e-05
-3.76272e-06
-6.45606e-08
6.67117e-08
5.93366e-08
3.93841e-08
1.43548e-08
-2.8845e-10
-2.51733e-10
-1.5665e-10
-4.25504e-11
5.73358e-14
4.51415e-14
1.90633e-14
-3.1646e-17
-4.56344e-17
-3.78845e-17
-2.54743e-17
-6.82776e-18
6.93744e-20
7.25645e-20
4.46991e-20
1.0051e-20
-2.50084e-23
1.04917e-23
1.6133e-24
4.87823e-25
-3.48945e-26
-2.86711e-26
-1.04652e-26
6.91589e-28
1.17769e-28
2.2148e-29
2.90993e-15
1.85551e-12
1.81136e-11
-3.39868e-10
-3.82932e-08
-4.83863e-07
-3.67252e-06
-1.76892e-05
2.0717e-05
0.16673
0.500173
0.833551
0.999918
0.999861
0.999612
0.998631
0.995549
0.99624
0.996846
0.996385
0.99373
0.840186
0.517111
0.191547
0.0187652
-3.89178e-05
-3.54065e-05
-2.54086e-05
-1.36382e-05
-6.2668e-06
-1.80348e-06
4.412e-08
3.6557e-08
2.24446e-08
5.63137e-09
-1.06692e-10
-1.41664e-10
-1.06279e-10
-2.94642e-11
2.69397e-14
1.00214e-13
4.60677e-14
5.90768e-15
-5.24734e-17
-2.84394e-17
-8.68061e-18
-3.07314e-18
-2.40121e-20
3.05582e-20
8.78745e-21
8.49356e-22
2.01162e-23
6.46827e-24
1.88891e-24
1.97159e-26
-2.52662e-26
-1.95196e-26
-4.38881e-27
2.19444e-29
3.99783e-30
3.5023e-17
8.21954e-13
1.06465e-11
5.9841e-11
-4.51676e-10
-1.58946e-07
-1.6899e-06
-1.08304e-05
-4.46883e-05
5.13654e-05
0.166845
0.500532
0.833949
0.999721
0.999548
0.998845
0.99624
0.988665
0.990495
0.99206
0.990966
0.984971
0.83895
0.5231
0.207701
0.0293069
-0.000582791
-0.000343202
-0.000150344
-5.46211e-06
5.48448e-06
2.34529e-06
2.41628e-07
5.19738e-08
1.75534e-08
1.2253e-10
-1.12337e-10
-1.01364e-10
-5.37388e-11
-7.03794e-12
-5.44259e-13
2.4414e-14
1.07628e-14
1.24517e-15
1.05852e-17
-7.33874e-18
-5.75501e-18
-2.2281e-18
-6.43856e-20
-1.07113e-20
-2.93239e-22
1.47652e-22
2.41241e-23
1.26437e-24
4.98759e-25
5.21792e-26
-4.94002e-27
-5.73307e-27
6.56486e-30
9.22956e-31
1.7749e-18
2.36372e-13
4.3953e-12
3.73919e-11
1.15077e-10
4.86524e-09
-5.32978e-07
-4.96199e-06
-2.74667e-05
-9.86736e-05
0.000116897
0.167122
0.501431
0.834831
0.99914
0.998665
0.996846
0.990495
0.973374
0.977809
0.981344
0.97899
0.966513
0.829976
0.5234
0.220202
0.0351805
-0.00154759
-0.00126584
-0.00050753
-2.79451e-05
-5.46033e-06
6.18487e-07
2.60383e-07
8.44227e-08
1.13058e-08
-9.83332e-11
-9.26688e-11
-6.78233e-11
-2.01574e-11
-3.2031e-13
6.97314e-15
5.96938e-15
2.79205e-15
1.11676e-15
3.64224e-16
-4.69486e-18
-3.07498e-18
-5.08394e-19
-2.36864e-21
1.15361e-21
1.67613e-22
1.13565e-22
2.46279e-23
7.6086e-25
3.28731e-26
-1.20558e-26
-8.43174e-27
-1.2362e-27
-9.01584e-30
-2.42494e-18
2.09668e-14
1.06254e-12
1.76219e-11
9.78972e-11
3.14751e-09
3.80975e-08
-1.33836e-06
-1.23525e-05
-6.07802e-05
-0.000192943
0.000245145
0.167715
0.503333
0.836439
0.997578
0.996385
0.992059
0.977809
0.942206
0.951729
0.959118
0.954496
0.930629
0.803785
0.506582
0.217123
0.0304135
-0.00140589
-0.000964763
-0.000186569
-1.40866e-05
-1.73477e-06
2.47727e-07
1.72551e-07
7.16736e-08
2.99325e-09
-2.32025e-10
-8.77744e-11
-2.45289e-11
-1.50051e-12
-2.62876e-13
-1.29886e-13
-2.7705e-14
4.2709e-16
3.09201e-16
1.12229e-16
8.98301e-18
-3.0439e-19
-1.20508e-19
-2.12391e-20
2.31668e-22
1.92305e-22
1.09111e-22
1.12673e-23
2.20462e-25
4.65766e-26
-6.14653e-27
-2.74139e-27
-1.44247e-29
-1.39516e-16
4.3918e-15
2.42805e-13
5.67669e-12
6.47093e-11
1.65077e-09
3.64712e-08
-4.12396e-08
-3.30015e-06
-2.72001e-05
-0.00011941
-0.000337573
0.000468294
0.168883
0.506597
0.83866
0.993729
0.990966
0.981343
0.951729
0.884606
0.897072
0.91672
0.908725
0.867527
0.747216
0.461227
0.187606
0.0150952
-0.00031509
-0.000154968
-3.21188e-05
-1.51674e-05
-2.82996e-06
5.43774e-08
4.99853e-08
2.6315e-08
3.75712e-09
1.46474e-12
2.03068e-12
3.72464e-12
1.77533e-12
-1.05467e-13
-6.98847e-15
-3.68994e-15
-6.44362e-16
7.19612e-17
3.94274e-17
3.73678e-18
4.61662e-19
-1.78018e-20
-1.27268e-20
3.96355e-22
1.64427e-22
2.27217e-23
5.1388e-24
-9.83732e-28
-3.97325e-27
-1.57932e-27
-2.33826e-28
-1.17089e-15
9.588e-16
9.03053e-14
2.11445e-12
3.8676e-11
7.26988e-10
2.00764e-08
1.1397e-07
-3.36428e-08
-7.11832e-06
-5.39915e-05
-0.000235007
-0.000515451
0.00103843
0.171979
0.511499
0.840399
0.984969
0.978987
0.959112
0.897067
0.802527
0.815729
0.844393
0.831934
0.769077
0.655168
0.390266
0.127654
-0.000198845
-0.000139464
-7.38217e-05
-4.39373e-05
-1.78632e-05
-1.88144e-07
-2.06576e-08
2.21853e-08
5.79791e-09
-2.79204e-10
-1.96008e-10
-1.15425e-10
2.78218e-12
1.46275e-12
-1.0844e-14
-7.23172e-15
-9.43693e-16
-2.2476e-16
-4.47549e-17
3.39624e-18
2.6354e-18
9.53257e-19
-1.23717e-20
-5.45572e-21
-6.73564e-24
1.65029e-23
1.61169e-24
1.6703e-25
6.65262e-26
5.01529e-27
4.23583e-28
-6.10884e-16
-1.22713e-14
3.16834e-14
9.5001e-13
2.01937e-11
2.60155e-10
8.16189e-09
6.77223e-08
2.80355e-07
7.73374e-08
-1.44516e-05
-0.0001069
-0.000398086
-0.00070179
0.00356178
0.179646
0.517666
0.839167
0.9665
0.95448
0.916696
0.81572
0.694704
0.704368
0.730732
0.719912
0.656533
0.548835
0.302017
0.0699266
-0.000314349
-0.000241957
-0.000134703
-6.41183e-05
-6.67011e-06
-4.52088e-07
-1.43061e-08
7.85867e-09
-1.1921e-09
-1.36834e-09
-2.98027e-10
-6.76125e-11
3.97349e-13
4.45755e-14
-6.79932e-14
-2.96734e-14
-4.59102e-16
-1.15095e-16
-4.10198e-17
-6.45425e-18
4.15465e-19
1.47219e-19
-9.26345e-22
-1.41035e-21
-2.82001e-22
-6.86279e-24
-2.25862e-24
6.63053e-26
1.93838e-26
-1.21531e-28
-1.97163e-16
-1.06229e-14
-5.97936e-14
2.87669e-13
6.64982e-12
4.1676e-11
1.81395e-09
2.88569e-08
1.69486e-07
5.76572e-07
2.82488e-07
-2.49807e-05
-0.000172763
-0.000550377
-0.000885955
0.00956357
0.192625
0.523786
0.830244
0.930569
0.908666
0.844357
0.704361
0.564074
0.574327
0.594411
0.596985
0.543989
0.438347
0.213499
0.0368206
-0.000451297
-0.000368641
-0.0002075
-7.71761e-05
1.0616e-07
1.3847e-07
8.96406e-08
2.39938e-08
-5.46743e-10
1.18597e-10
7.90577e-11
-7.45574e-13
3.16113e-13
-1.85543e-14
-7.79936e-14
-3.49925e-14
-1.52493e-16
-4.00228e-17
-8.58982e-18
1.19019e-19
9.1635e-20
2.21668e-20
-1.55051e-21
-8.93678e-22
-1.52818e-22
-1.15993e-24
-1.07789e-26
-9.20275e-27
-2.6485e-27
2.5323e-17
-5.82726e-15
-1.0235e-13
-2.0591e-14
4.06041e-12
5.36914e-12
-2.68571e-10
6.63646e-09
7.29812e-08
3.52122e-07
1.04353e-06
6.00669e-07
-3.39873e-05
-0.000235746
-0.000692409
-0.00103671
0.0191125
0.209028
0.524205
0.804056
0.86731
0.831783
0.730682
0.574362
0.424185
0.435134
0.454338
0.468516
0.422258
0.318345
0.138362
0.0161836
-0.000557983
-0.000412933
-0.00019771
-3.18819e-05
4.79866e-07
4.24034e-07
1.88207e-07
7.26817e-09
2.21163e-10
2.86219e-11
1.2217e-11
2.47582e-12
8.91056e-13
-3.22853e-14
-1.73663e-14
-5.9598e-15
-7.6464e-17
-1.29119e-17
6.61548e-20
6.59284e-20
2.17614e-20
1.2895e-21
-6.10517e-22
-6.63799e-23
-1.6583e-23
-3.98233e-25
-7.83371e-28
-1.12253e-27
2.51971e-17
-3.03311e-15
-5.31628e-14
-2.90798e-13
7.98584e-13
-2.95191e-12
-1.6139e-10
-1.21213e-09
1.60072e-08
1.51598e-07
6.43061e-07
1.72088e-06
9.89087e-07
-4.67331e-05
-0.000322332
-0.000775574
-0.00133254
0.0293472
0.221474
0.507257
0.747325
0.768603
0.719652
0.594255
0.435049
0.288628
0.302119
0.323986
0.340687
0.301232
0.210586
0.0821952
0.00443226
-0.000249262
-0.000174857
-9.25466e-05
-2.45351e-05
4.35209e-07
3.35994e-07
5.13588e-08
-1.65616e-09
-3.01242e-10
-6.06768e-11
-4.94139e-13
2.06616e-12
1.10816e-13
7.46364e-15
-1.70645e-15
-3.17429e-17
-1.11013e-17
-5.67634e-19
-1.0244e-19
1.30257e-20
7.91436e-21
2.23041e-21
3.30558e-23
-2.09319e-26
-1.25698e-25
-1.58807e-26
-2.27423e-27
1.2498e-16
-1.13598e-15
-1.95675e-14
-1.78586e-13
-5.21991e-13
-3.34979e-12
-7.80613e-11
-7.30237e-10
-3.15814e-09
3.19803e-08
2.79418e-07
1.16741e-06
2.59471e-06
1.44678e-06
-8.93024e-05
-0.000375696
-0.0010549
-0.00178399
0.0351832
0.218299
0.461523
0.655097
0.656248
0.596476
0.453755
0.301907
0.168635
0.185958
0.21301
0.2315
0.198538
0.127055
0.042817
-0.000129107
-0.000124536
-9.708e-05
-4.7324e-05
-7.71523e-06
3.02307e-07
1.16042e-07
2.06611e-08
1.35111e-09
4.31395e-11
1.93363e-11
3.95161e-12
6.12849e-13
7.1186e-15
-5.19465e-16
-1.85175e-16
-2.89176e-17
-3.60044e-19
-1.92036e-21
1.4073e-20
1.19193e-20
2.53498e-21
-4.22698e-23
-3.4837e-23
-4.99964e-24
1.29142e-26
-3.64475e-27
5.18739e-17
2.61319e-16
-5.36319e-15
-7.6562e-14
-4.09044e-13
-2.85544e-12
-3.23947e-11
-3.4058e-10
-1.93519e-09
-6.04233e-09
6.03866e-08
5.12485e-07
1.96689e-06
3.5741e-06
3.23784e-07
-0.000113731
-0.000508808
-0.00141445
-0.002483
0.0305397
0.189009
0.390561
0.548807
0.543691
0.467794
0.323587
0.185857
0.0752101
0.0963286
0.126989
0.147161
0.119822
0.0687425
0.0183548
-9.41585e-05
-8.64429e-05
-6.39893e-05
-2.58958e-05
-3.96e-07
-1.24002e-07
-5.41117e-08
1.46039e-10
-1.12591e-10
1.08272e-11
4.88442e-12
1.0015e-12
2.79617e-13
-1.19568e-15
-8.45695e-16
-2.68446e-16
-4.61927e-19
4.32369e-20
3.45359e-20
1.77592e-20
5.54116e-21
7.03538e-23
8.69395e-23
-1.28812e-24
-4.40119e-25
1.10159e-26
3.35595e-19
1.31791e-16
1.08361e-15
-1.58549e-14
-2.02711e-13
-1.60748e-12
-1.22286e-11
-1.27144e-10
-9.12476e-10
-4.44786e-09
-8.61304e-09
9.98485e-08
8.30275e-07
2.7739e-06
4.46282e-06
-4.95347e-07
-0.000151841
-0.000682714
-0.00212319
-0.00243637
0.0153405
0.129563
0.302509
0.438303
0.421986
0.340094
0.212788
0.0964101
0.0137649
0.0283261
0.0633881
0.0828505
0.0639812
0.0333626
0.00750006
-7.19603e-05
-6.10644e-05
-3.49965e-05
-7.11135e-06
3.13157e-07
7.48945e-08
1.85934e-08
3.72582e-10
-4.20013e-12
1.57308e-12
7.40982e-13
4.83918e-13
1.24891e-13
-1.10872e-15
-7.76487e-16
-9.66e-17
-1.3334e-19
-1.19728e-19
-2.43282e-21
2.76867e-21
1.51347e-21
5.6329e-23
-5.29865e-25
-1.76381e-25
-4.07421e-26
-4.57029e-19
4.35937e-17
7.79462e-16
1.61588e-15
-3.34741e-14
-5.72435e-13
-3.00906e-13
-9.61337e-12
-3.04804e-10
-2.07887e-09
-6.74794e-09
-9.99639e-09
1.372e-07
1.15809e-06
3.69424e-06
4.45473e-06
4.43485e-06
-0.000167812
-0.00132815
-0.00161998
-0.000658025
-0.000392214
0.070045
0.21395
0.318923
0.301257
0.231024
0.127007
0.0284481
-0.000332367
0.00712472
0.0259159
0.0381844
0.0296677
0.0145967
0.00299676
-5.05254e-05
-4.01266e-05
-1.83375e-05
-1.37588e-06
1.62631e-08
3.13233e-09
9.53673e-11
-6.79143e-12
-1.96885e-12
-3.28564e-13
3.36609e-13
2.08875e-13
4.34804e-14
-9.56059e-16
-3.29244e-16
-1.10018e-18
-1.09718e-19
4.89036e-21
6.31519e-21
2.50861e-21
9.2517e-23
3.46205e-25
3.39201e-26
-4.06986e-27
-1.89423e-19
-2.62152e-18
3.36986e-16
1.36682e-15
1.26237e-15
-2.78721e-14
5.53806e-15
1.03054e-13
2.04425e-13
-5.54284e-10
-3.57468e-09
-8.72795e-09
-9.14868e-09
2.02551e-07
1.93417e-06
3.83388e-06
4.38166e-06
4.2964e-06
-0.000383769
-0.000654588
-0.000529152
-0.000368928
-0.000417473
0.0370237
0.138797
0.211339
0.198678
0.146993
0.0641895
0.00538849
0.0012574
-4.61623e-05
0.00945203
0.0158604
0.0124341
0.0060637
0.00126973
-3.22268e-05
-2.39907e-05
-8.45118e-06
3.95365e-09
5.85445e-10
2.22957e-11
-6.71741e-13
-1.43372e-12
-1.05386e-12
-3.54954e-13
1.36908e-13
7.60414e-14
7.2075e-15
-1.89031e-16
-4.76995e-17
-2.60415e-19
-1.02079e-19
-3.31745e-21
-1.53163e-21
6.90564e-23
1.62887e-23
1.64538e-25
3.98554e-26
-3.32941e-20
-2.20307e-18
4.71471e-17
5.15673e-16
8.10271e-16
1.75398e-15
3.26747e-14
1.12434e-13
2.19718e-13
-5.7812e-13
-1.26471e-09
-5.37117e-09
-8.65851e-09
-8.56718e-09
5.99224e-07
2.35168e-06
3.92217e-06
4.09782e-06
3.59867e-06
-0.000201699
-0.000355673
-0.000320851
-0.000379575
-0.000497954
0.0163384
0.0825357
0.127784
0.120236
0.0833629
0.0260528
0.000242661
-6.33757e-05
-6.29229e-05
0.00286104
0.00591944
0.00483731
0.00241928
0.000574246
-1.81394e-05
-1.20966e-05
-3.32949e-06
2.30258e-10
6.64723e-11
5.00731e-11
2.10773e-11
-2.16279e-12
-1.88878e-12
-5.54224e-13
4.59327e-14
1.72429e-14
2.33597e-15
-9.72013e-18
-1.94641e-19
-1.24681e-19
-4.52242e-20
1.11274e-21
3.19426e-23
7.94409e-24
5.9151e-25
1.11384e-25
1.52663e-20
-2.70111e-18
4.24343e-18
-6.76957e-17
5.31781e-17
1.77937e-15
3.01366e-14
1.03792e-13
2.11298e-13
5.47393e-13
-2.44131e-11
-1.78239e-09
-5.69075e-09
-7.79463e-09
-8.82013e-09
8.0184e-07
2.40414e-06
3.464e-06
4.18668e-06
3.93645e-06
-0.000103648
-0.000173311
-0.000279664
-0.000428551
-0.000504199
0.00455099
0.0430956
0.069129
0.0644144
0.0385712
0.00980364
-6.29441e-05
-6.04959e-05
-5.2836e-05
0.000733011
0.0019896
0.00174275
0.00095486
0.000266783
-8.80174e-06
-5.62401e-06
-1.49668e-06
1.85847e-10
1.72163e-10
9.79479e-11
2.15404e-11
-2.08729e-12
-1.22669e-13
-1.89755e-14
3.76427e-15
1.84506e-15
8.42237e-18
1.05499e-19
-4.80123e-20
-3.07983e-20
-6.84222e-21
-9.54742e-23
4.9943e-23
2.06275e-23
1.78825e-24
1.74358e-20
-1.16847e-18
6.68578e-19
-3.76272e-17
-5.27776e-16
8.84749e-16
1.75617e-14
7.20977e-14
1.57301e-13
2.0946e-13
-4.49767e-13
1.32919e-12
-1.9456e-09
-4.69424e-09
-7.27027e-09
-8.7811e-09
8.87464e-07
1.77405e-06
3.61428e-06
3.25771e-06
2.99979e-06
-3.04239e-05
-0.000117457
-0.000244405
-0.000394887
-4.71878e-05
-2.80861e-05
0.0185524
0.033641
0.02997
0.0161355
0.00297181
-5.36851e-05
-4.14564e-05
-7.75612e-05
0.000230039
0.000587823
0.000614399
0.00038295
0.000105762
-4.00663e-06
-2.49006e-06
-6.40162e-07
1.77485e-10
1.60477e-10
8.10952e-11
1.03844e-11
-4.9196e-14
-1.22837e-14
-2.07508e-15
1.97531e-17
1.59812e-17
7.80147e-18
4.54185e-19
1.29518e-20
-2.40803e-20
-8.37726e-22
-1.65409e-22
1.32613e-23
4.29931e-24
1.01097e-20
-2.27484e-21
1.02585e-18
-1.34361e-17
-2.94882e-16
-1.27076e-15
1.94735e-15
2.55053e-14
7.6895e-14
1.61322e-13
2.26247e-13
1.02269e-12
1.99661e-11
-1.1794e-09
-3.11979e-09
-1.08975e-08
-8.46887e-10
3.47177e-07
1.74208e-06
2.29465e-06
2.73134e-06
3.39185e-06
-4.82458e-06
-4.51347e-05
-0.000176338
-8.8704e-05
-3.96369e-05
-3.61047e-05
0.00759309
0.0147376
0.0126151
0.00602829
0.000763628
-7.78831e-05
4.00725e-05
3.71479e-05
8.29534e-06
0.000177603
0.000233256
0.00014018
3.84369e-05
-1.73389e-06
-1.04783e-06
-2.60038e-07
1.48353e-10
1.18641e-10
4.32332e-11
-1.01049e-13
-9.03019e-14
-3.9503e-14
-4.00142e-15
2.06759e-17
1.62112e-17
3.92466e-18
4.47779e-19
6.61467e-20
-7.18939e-22
-4.25737e-22
-3.51672e-23
1.84209e-24
3.65997e-22
-9.48103e-21
6.08097e-19
1.52584e-17
-5.31853e-17
-8.05809e-16
-1.42263e-15
-2.222e-15
1.19462e-14
6.2654e-14
1.66879e-13
6.48627e-13
1.31823e-11
4.15541e-11
-3.72556e-10
-4.12867e-09
-7.13685e-09
-1.81191e-08
1.69355e-07
8.94138e-07
1.75575e-06
1.62215e-06
-1.49588e-08
7.13692e-07
-1.08961e-05
-4.59219e-05
-3.7365e-05
-3.29018e-05
-2.59828e-05
0.00301832
0.00608452
0.00490823
0.00202313
0.000230988
3.67429e-05
2.69284e-05
1.08032e-05
4.38984e-10
6.54154e-05
8.31902e-05
4.90061e-05
1.32986e-05
-7.12174e-07
-4.18334e-07
-1.00055e-07
9.62985e-11
6.55778e-11
1.83067e-11
-9.04878e-14
-7.44596e-14
-2.29421e-14
4.10889e-17
3.81744e-17
1.83597e-17
2.64893e-19
3.60926e-20
-2.50469e-21
-9.21353e-22
-1.30006e-23
2.90765e-24
6.40876e-23
-2.62259e-20
1.09167e-19
1.16913e-17
2.74237e-17
-1.3764e-16
-8.91006e-16
-1.81661e-15
-1.45974e-15
-2.91474e-16
4.41542e-14
2.87832e-13
6.79117e-12
2.99798e-11
6.27978e-11
1.39353e-11
-1.89385e-09
-1.04754e-08
9.4012e-09
4.24346e-09
3.86221e-07
7.41428e-07
5.44253e-07
7.88808e-07
7.81674e-07
-1.24834e-05
-2.11009e-05
-2.10932e-05
-1.9942e-05
-1.42669e-05
0.00127135
0.00242382
0.00176157
0.000589845
8.06282e-06
1.07365e-05
7.60196e-06
1.75967e-06
2.75357e-10
2.3123e-05
2.86326e-05
1.66512e-05
4.45128e-06
-2.77295e-07
-1.5813e-07
-3.61092e-08
4.97846e-11
3.1882e-11
8.42927e-12
-5.82739e-14
-3.82887e-14
-9.97894e-15
3.69045e-17
2.74143e-17
7.58594e-18
-2.14374e-20
-1.57246e-20
-4.542e-21
2.5981e-24
4.85621e-24
5.76768e-24
-1.34886e-20
-3.09508e-20
3.23707e-18
1.86197e-17
1.49883e-17
-2.08983e-16
-8.13523e-16
-1.06452e-15
-2.35317e-15
3.40804e-15
-9.78873e-15
2.7092e-12
9.03459e-12
4.45287e-11
2.84245e-11
2.27046e-11
-1.16205e-09
2.01287e-09
-1.23201e-09
-3.6266e-08
1.6128e-07
2.17125e-07
4.7372e-07
6.46822e-07
7.9519e-07
-3.15817e-06
-7.80197e-06
-1.03595e-05
-9.85782e-06
-6.80522e-06
0.000580332
0.000964323
0.000626474
0.00018119
2.33697e-11
1.75932e-06
1.20881e-06
2.76098e-07
1.74413e-10
7.84994e-06
9.62959e-06
5.54767e-06
1.45025e-06
-1.02131e-07
-5.64595e-08
-1.18785e-08
2.34272e-11
1.43823e-11
3.61441e-12
-2.77474e-14
-1.68202e-14
-4.0127e-15
2.15263e-17
1.32455e-17
3.14036e-18
-1.32128e-20
-7.72931e-21
-1.54527e-21
4.4709e-24
6.2941e-23
-1.58969e-21
-2.45245e-20
-3.10447e-20
3.01556e-18
8.84539e-18
6.96443e-18
1.7359e-18
-2.55127e-16
-1.63298e-15
-4.47214e-16
-4.91903e-14
-7.67726e-14
2.16049e-12
1.59946e-12
5.31194e-12
7.84482e-12
-7.19824e-11
-6.97974e-11
-1.31066e-09
5.49936e-10
7.75727e-09
-9.0033e-10
8.44004e-08
3.15116e-07
3.84177e-07
7.33871e-08
4.25503e-08
-1.54174e-06
-4.14844e-06
-4.38891e-06
-2.97226e-06
0.000275024
0.000392202
0.000239972
6.74256e-05
2.55831e-11
2.75915e-07
1.89059e-07
4.36658e-08
1.11541e-10
2.58481e-06
3.18222e-06
1.81701e-06
4.60052e-07
-3.54396e-08
-1.89398e-08
-3.69356e-09
1.02264e-11
6.02961e-12
1.44132e-12
-1.15104e-14
-6.54099e-15
-1.4025e-15
9.33735e-18
5.24966e-18
1.10393e-18
-4.9924e-21
-2.62035e-21
-3.59303e-22
3.24838e-23
1.06887e-21
-1.04455e-20
-1.80242e-20
-1.11697e-20
2.23736e-18
4.06294e-18
2.35859e-18
-1.94207e-17
-2.21844e-16
8.14172e-17
-2.42279e-14
-6.57218e-16
4.2466e-14
5.62772e-15
6.37335e-13
5.01417e-13
-2.85097e-12
-1.73378e-11
-5.65158e-10
-3.13175e-10
1.37865e-09
-1.12681e-09
-8.03732e-09
2.36535e-08
5.60563e-08
3.93632e-08
3.24652e-08
-2.96987e-09
-1.68994e-07
-1.16381e-06
-1.77781e-06
-1.17449e-06
0.000110389
0.000144577
8.61036e-05
2.4006e-05
9.16689e-13
4.35184e-08
3.01427e-08
7.23424e-09
7.35084e-11
8.28629e-07
1.03215e-06
5.83153e-07
1.42195e-07
-1.16176e-08
-6.03123e-09
-1.10064e-09
4.14394e-12
2.35468e-12
5.28929e-13
-4.21432e-15
-2.25646e-15
-4.25965e-16
3.40495e-18
1.82261e-18
3.80569e-19
-1.56089e-21
-6.54334e-22
-8.56928e-25
4.3669e-22
-7.06543e-22
-9.50774e-21
6.53351e-21
-1.18264e-19
9.51221e-19
5.80717e-19
-2.09942e-18
4.22068e-19
1.2651e-16
7.89671e-17
1.64337e-15
1.78562e-15
-8.87692e-15
-2.89102e-15
-2.42175e-16
-1.1305e-12
-1.05843e-12
-3.07955e-13
-2.6853e-13
2.62254e-10
-3.64846e-10
-2.06552e-09
4.27778e-09
4.76672e-09
1.18854e-08
1.55008e-08
5.98006e-09
4.56675e-09
6.9621e-09
-4.2391e-07
-6.7411e-07
-4.30557e-07
4.04486e-05
5.08255e-05
2.97876e-05
8.20433e-06
1.37015e-12
7.14077e-09
5.08166e-09
1.33854e-09
5.01589e-11
2.59195e-07
3.27504e-07
1.82782e-07
4.26441e-08
-3.63515e-09
-1.84285e-09
-3.18446e-10
1.5638e-12
8.58286e-13
1.79911e-13
-1.37866e-15
-7.07258e-16
-1.25683e-16
1.14545e-18
6.23753e-19
1.41317e-19
-4.07768e-22
-7.36882e-27
5.18502e-23
3.35451e-22
-1.22572e-21
9.30268e-22
5.99863e-21
4.94542e-20
-2.08693e-20
-3.68421e-20
-5.8464e-19
2.22205e-17
4.36589e-17
3.14864e-17
9.74616e-17
-4.53873e-15
-1.70892e-15
-1.03976e-14
-9.40424e-14
-5.41427e-13
-2.6772e-13
-2.80248e-13
7.61523e-11
4.8773e-11
-7.81836e-11
4.98414e-10
2.93004e-10
9.97707e-11
1.51256e-09
2.48358e-09
3.29241e-09
6.4889e-09
6.55988e-09
-1.48814e-07
-2.35975e-07
-1.43441e-07
1.40863e-05
1.73569e-05
1.00646e-05
2.72092e-06
-1.30421e-12
1.26681e-09
9.44117e-10
3.04413e-10
3.36815e-11
7.88107e-08
1.01316e-07
5.57573e-08
1.23486e-08
-1.09787e-09
-5.46423e-10
-9.04661e-11
5.54279e-13
2.96896e-13
6.00995e-14
-4.20035e-16
-2.12649e-16
-3.82421e-17
3.97917e-19
2.2375e-19
3.50989e-20
2.57584e-28
-3.21311e-25
8.50715e-23
-1.79545e-23
2.05766e-22
7.43011e-22
5.65861e-21
-1.24269e-20
-3.31683e-20
1.46405e-19
1.62257e-18
1.01157e-17
1.90748e-17
2.04129e-17
2.59976e-17
-4.76777e-16
-2.02808e-15
9.40692e-16
-9.80596e-14
-1.38844e-13
-1.4064e-13
5.42267e-15
-2.13373e-13
-6.84339e-13
-5.92144e-13
-1.05899e-12
-4.15722e-12
-9.30464e-12
1.08312e-10
1.17891e-09
3.68712e-09
5.71857e-09
5.06259e-09
-4.49972e-08
-7.39365e-08
-4.24817e-08
4.73985e-06
5.81182e-06
3.34229e-06
8.78099e-07
5.8216e-13
2.58524e-10
2.10073e-10
8.69308e-11
2.13154e-11
2.31975e-08
3.04457e-08
1.64878e-08
3.43087e-09
-3.2365e-10
-1.58805e-10
-2.53502e-11
1.89266e-13
1.00211e-13
2.00784e-14
-1.26214e-16
-6.46651e-17
-1.2341e-17
1.41217e-19
6.11129e-20
6.22873e-26
-4.92984e-25
-1.31226e-24
-1.4646e-24
1.84319e-25
3.09395e-23
-4.40787e-22
-3.97407e-21
-2.05777e-20
1.32624e-20
5.45693e-21
1.10745e-18
9.60406e-18
1.34976e-17
1.03226e-17
-9.64713e-18
-2.97385e-16
2.65083e-16
3.40493e-16
-5.00519e-15
6.50412e-15
6.7806e-15
7.02615e-15
-1.42993e-13
1.37508e-13
-3.65415e-13
-2.08437e-12
-2.91928e-12
-2.07082e-12
-7.81216e-12
7.05834e-10
2.66439e-09
3.58476e-09
2.77122e-09
-1.15411e-08
-2.05018e-08
-1.1026e-08
1.55069e-06
1.9134e-06
1.08996e-06
2.76303e-07
-1.32781e-12
5.77238e-11
5.44839e-11
2.98929e-11
9.05724e-12
6.5704e-09
8.84779e-09
4.70197e-09
9.05811e-10
-9.38552e-11
-4.5452e-11
-6.98857e-12
6.38627e-14
3.37016e-14
6.6647e-15
-3.9043e-17
-2.05282e-17
-4.28743e-18
3.94482e-20
6.64975e-26
-1.55143e-25
-2.65271e-26
-1.80374e-26
3.18237e-25
2.06645e-23
-1.0731e-22
-2.46504e-22
-8.68583e-21
2.29606e-21
2.22928e-21
-3.11682e-20
2.42465e-18
7.83474e-18
7.76749e-18
2.86452e-18
1.21545e-17
9.39284e-17
2.3884e-16
-4.81486e-16
8.41549e-16
4.23007e-15
3.30132e-15
-3.872e-16
-1.1969e-14
-3.51308e-14
-2.77927e-14
-7.3784e-14
-2.67162e-12
-1.68101e-12
-3.51744e-12
2.32329e-11
9.69501e-10
1.69727e-09
1.23168e-09
-2.37791e-09
-4.98404e-09
-2.42923e-09
4.94204e-07
6.17535e-07
3.47825e-07
8.44643e-08
-5.80946e-13
1.37308e-11
1.82908e-11
1.02184e-11
2.68945e-12
1.77453e-09
2.47137e-09
1.28335e-09
2.25008e-10
-2.67924e-11
-1.27931e-11
-1.86581e-12
2.17141e-14
1.13652e-14
2.14709e-15
-1.27867e-17
-7.03215e-18
-1.12417e-18
2.18439e-26
-4.70361e-27
-6.69929e-27
-6.57111e-27
3.07151e-26
1.04798e-23
3.59495e-24
-1.82041e-23
-1.02456e-21
-7.86997e-22
-1.1412e-21
-2.80778e-20
-3.1807e-20
1.27219e-18
3.48506e-18
1.98903e-18
1.18108e-18
3.74991e-17
7.96654e-17
-6.4311e-17
1.35823e-16
1.02555e-15
2.39764e-15
2.05212e-15
-4.11338e-16
-1.35216e-14
-1.799e-14
1.57838e-13
-1.14536e-12
-6.2212e-13
-1.6838e-12
2.15261e-12
-2.23665e-12
3.95088e-10
6.8494e-10
4.65503e-10
-3.3005e-10
-9.74319e-10
-4.09138e-10
1.53376e-07
1.94664e-07
1.08192e-07
2.49256e-08
-3.40456e-13
3.89573e-12
5.62486e-12
2.94949e-12
6.31873e-13
4.53565e-10
6.56298e-10
3.30687e-10
5.21486e-11
-7.49943e-12
-3.51439e-12
-4.70534e-13
7.36223e-15
3.76015e-15
6.80845e-16
-4.60596e-18
-2.06256e-18
6.81052e-29
-2.84511e-27
-1.17139e-27
-1.69998e-27
-1.36505e-27
6.76899e-25
6.73087e-26
1.02545e-25
-1.39625e-23
-3.45888e-22
-7.36616e-22
-1.31667e-20
-2.74459e-20
1.29984e-19
1.42959e-19
4.44854e-19
2.17337e-19
-6.58972e-20
9.93197e-18
2.82667e-18
-1.28729e-17
-6.26583e-17
8.25323e-16
1.50931e-15
1.22878e-15
-1.4708e-15
-6.72972e-15
5.10891e-14
-1.53376e-13
-1.61487e-13
-9.5121e-13
-9.45621e-13
-2.60193e-12
-2.45596e-12
1.19462e-10
2.29099e-10
1.1582e-10
3.47785e-12
-1.21176e-10
-3.96536e-11
4.61225e-08
5.96788e-08
3.26467e-08
7.04396e-09
-1.80467e-13
7.59318e-13
1.34466e-12
7.31035e-13
4.9415e-14
1.07834e-10
1.61952e-10
7.9033e-11
1.13127e-11
-2.03426e-12
-9.27175e-13
-1.04013e-13
2.39645e-15
1.19552e-15
2.09234e-16
-1.42733e-18
1.63078e-29
3.67212e-29
-3.75411e-28
-1.61954e-28
-7.24713e-28
-4.06794e-28
-2.90416e-26
7.89475e-26
-1.28719e-25
-1.52411e-22
-1.10252e-22
-1.04915e-21
-1.1445e-20
-1.67928e-20
-1.57378e-20
-1.66177e-21
4.80655e-22
-5.70411e-20
9.92442e-19
-1.28175e-18
1.13576e-18
-3.95642e-17
-3.23756e-17
3.54276e-16
7.08293e-16
2.16808e-16
8.21546e-17
-1.64219e-18
-9.86786e-15
3.19475e-14
-6.12289e-14
-3.27375e-13
-1.51969e-12
-8.86369e-13
3.03564e-13
2.01354e-11
5.21193e-11
2.6873e-11
1.70224e-11
-3.30684e-12
2.41322e-12
1.33323e-08
1.76958e-08
9.49318e-09
1.87945e-09
-9.70425e-14
-2.69338e-14
5.03708e-14
3.80431e-14
3.9076e-14
2.31938e-11
3.6883e-11
1.75087e-11
2.29111e-12
-5.20977e-13
-2.24388e-13
-2.09789e-14
7.43915e-16
3.66085e-16
4.48439e-17
3.54482e-30
1.97505e-30
2.9816e-31
-1.98051e-29
-2.49299e-28
-4.80124e-28
3.37999e-27
2.042e-26
2.99519e-25
-3.15664e-24
-1.70525e-23
-5.76055e-23
1.37276e-23
-7.05558e-21
-1.10798e-20
-6.2981e-21
-2.57021e-21
-2.45306e-20
1.10506e-19
-6.67794e-19
1.0807e-18
-1.64947e-18
-1.43958e-17
-8.84019e-18
1.08707e-16
6.03992e-17
5.09147e-17
-1.40597e-17
9.83873e-18
1.88212e-14
1.52214e-14
2.99768e-14
-4.15304e-13
-3.75522e-13
2.00611e-13
1.63773e-14
2.18212e-13
6.38468e-12
1.11656e-11
5.24198e-12
3.15363e-12
1.21073e-12
3.67104e-09
5.03254e-09
2.63061e-09
4.61961e-10
-2.46673e-13
-1.22423e-13
4.99828e-15
1.11433e-14
4.24089e-15
4.5562e-12
7.79943e-12
3.60262e-12
4.38437e-13
-1.1168e-13
-4.68095e-14
-4.2896e-15
2.18013e-16
8.40238e-17
-4.56515e-35
4.5607e-31
2.08323e-31
-2.03324e-30
-2.50192e-29
-3.99229e-28
8.59234e-28
-1.90078e-26
1.00486e-25
-1.79004e-25
1.58128e-26
2.74192e-24
2.28098e-23
2.74146e-23
-3.3538e-21
-3.4145e-21
-2.21309e-21
-6.75898e-21
3.62454e-20
-6.59628e-20
2.23498e-19
4.77222e-19
-4.58402e-19
-2.36456e-18
-1.84591e-18
1.48489e-17
2.02659e-17
-1.97455e-18
-1.02135e-18
-3.27454e-17
6.4694e-15
2.25899e-14
2.39212e-14
-1.15471e-13
-3.73085e-14
1.91265e-14
-2.16429e-14
2.77262e-13
1.70363e-12
2.46536e-12
2.37153e-12
1.42815e-12
4.05001e-13
9.43401e-10
1.35084e-09
6.78492e-10
1.01669e-10
-8.34966e-13
-3.79628e-13
-4.68818e-14
6.12777e-15
3.49564e-15
8.11465e-13
1.5407e-12
6.97137e-13
6.60519e-14
-2.18658e-14
-9.27936e-15
-8.40004e-16
4.99635e-17
-3.20621e-35
7.14071e-35
-1.04747e-34
-9.71579e-31
1.14222e-29
-2.47077e-28
-1.63877e-28
-1.15261e-26
5.48473e-27
1.31799e-25
1.37563e-25
1.39868e-24
1.20158e-23
2.39658e-23
2.41755e-23
-7.35284e-22
-5.80855e-22
-1.33748e-21
-7.05573e-22
-1.90645e-22
2.24987e-21
1.68036e-21
-9.56676e-20
-3.51904e-19
-1.32174e-19
-2.31873e-19
1.17438e-18
9.41382e-19
-1.64367e-18
5.19912e-17
2.6804e-16
5.56055e-15
1.38896e-14
6.77467e-15
1.4194e-14
1.59546e-14
-1.15411e-14
3.70993e-14
3.30248e-15
-6.52565e-14
6.52165e-13
8.63814e-13
4.71318e-13
1.04882e-13
2.21481e-10
3.29492e-10
1.54123e-10
1.8301e-11
-4.37121e-13
-1.68037e-14
-2.26914e-15
3.87778e-15
2.26101e-15
1.31063e-13
2.86837e-13
1.25235e-13
7.60796e-15
-4.27963e-15
-1.9033e-15
-1.49051e-16
-1.59698e-35
2.67629e-35
2.18566e-34
-8.81608e-31
1.26854e-29
-6.00436e-29
7.5018e-29
-1.31381e-27
-1.96541e-28
4.23609e-26
1.15583e-25
1.24362e-25
2.70155e-24
1.16284e-23
1.38112e-23
-5.77735e-24
-5.40629e-24
-2.95507e-22
-3.72139e-22
5.092e-22
2.37022e-21
1.92855e-21
3.18356e-21
-7.67154e-20
-6.41348e-20
-1.4287e-19
-9.99846e-20
3.55239e-19
-9.59031e-19
4.27068e-17
2.57621e-17
1.70916e-16
-1.21048e-16
1.8643e-15
6.19501e-15
1.00999e-14
4.52261e-15
7.1158e-15
-3.0558e-15
-5.63994e-14
-5.1183e-14
2.39839e-13
2.62127e-13
1.30152e-13
9.26536e-15
4.41824e-11
7.02914e-11
3.02633e-11
3.56979e-12
4.40446e-15
-4.76237e-16
1.83254e-15
1.42014e-15
3.09577e-15
1.70699e-14
4.54175e-14
1.87404e-14
9.27345e-16
-8.75372e-16
-3.09491e-16
-7.11776e-36
-3.81221e-36
1.64293e-33
-8.53432e-31
7.34967e-30
4.82419e-30
1.07162e-29
1.09452e-29
-2.62418e-28
1.6388e-28
4.99874e-26
4.94297e-26
2.04513e-26
9.09146e-25
3.41125e-24
-1.21929e-24
-1.79967e-24
-2.5178e-24
-8.83091e-23
6.59563e-23
1.21428e-21
1.52665e-21
2.42481e-21
2.28296e-21
-1.88589e-20
-1.44624e-20
-3.52299e-21
1.2453e-19
-2.46835e-19
-8.61662e-20
-6.37428e-19
3.52308e-17
-9.89646e-18
4.65555e-17
2.79429e-18
2.36e-15
3.27567e-15
3.31589e-15
2.10211e-15
-1.58017e-14
-3.2256e-14
-2.27383e-14
5.04445e-14
7.8869e-14
3.26872e-14
-5.3387e-14
6.51244e-12
1.27949e-11
5.43672e-12
9.07404e-14
2.20522e-14
5.18748e-15
1.39139e-15
9.63881e-16
6.48818e-16
1.10214e-16
5.99604e-15
2.46433e-15
5.69986e-17
-1.44258e-16
-5.31276e-43
-1.32262e-36
2.86782e-33
-4.76326e-31
-8.92817e-31
1.22559e-30
5.58415e-30
9.26448e-30
-5.64396e-29
-8.83533e-28
-1.54804e-28
-5.10407e-28
1.40462e-27
8.09653e-27
7.15352e-25
3.01993e-25
-1.26646e-25
-1.17326e-24
-3.50824e-24
2.73533e-24
1.35524e-22
3.74037e-22
1.13855e-21
1.46563e-21
6.21744e-22
-4.58123e-22
-1.14284e-21
8.30865e-20
6.72468e-20
-2.39743e-22
-3.84416e-19
1.77957e-19
-2.62258e-18
8.02506e-19
5.61861e-19
2.28174e-18
6.61727e-16
3.99658e-16
1.17968e-15
8.4504e-16
-5.64356e-15
-1.13293e-14
-8.81391e-15
8.73548e-15
2.14022e-14
-4.62112e-14
9.89312e-14
9.16952e-13
1.93982e-12
6.10739e-13
-3.16522e-15
-2.51245e-15
-5.06222e-16
3.56594e-16
2.91111e-16
1.01689e-16
2.79791e-21
7.82798e-16
3.20373e-16
-1.19566e-18
5.20803e-41
-9.4997e-38
4.21462e-33
-5.41118e-32
-5.83984e-31
-6.21233e-31
8.92356e-31
2.94797e-30
6.55667e-31
-2.53203e-28
-7.55364e-29
-4.30249e-28
1.45223e-27
-2.34745e-28
1.48194e-25
1.06227e-25
4.51678e-26
-3.72352e-25
-1.40315e-24
3.06539e-25
3.84483e-24
1.28935e-23
3.89207e-23
2.42814e-22
2.3369e-22
9.35021e-23
-7.1117e-22
1.41661e-20
3.51388e-20
1.98593e-20
-5.38177e-20
1.3563e-20
7.18816e-20
3.52037e-19
1.00711e-18
-7.18239e-18
-8.50857e-18
2.48396e-17
2.37554e-17
3.89596e-16
3.02868e-16
-1.22694e-15
-3.13045e-15
1.06458e-15
5.09072e-15
-1.7462e-14
2.10952e-14
2.61719e-14
5.11802e-15
1.84665e-13
5.50545e-14
-2.00057e-15
-1.02418e-15
-2.66152e-16
1.23043e-16
8.01301e-17
1.43218e-17
-1.60873e-19
1.0173e-16
3.227e-17
2.81825e-40
-1.33946e-37
2.13521e-33
1.10957e-33
-4.23647e-32
-3.38516e-31
-2.50818e-31
-5.31031e-31
-4.42007e-31
-1.06894e-30
-3.86266e-30
-1.5647e-28
2.17819e-28
2.47834e-28
2.08337e-26
3.88674e-27
2.59415e-26
2.69401e-26
-1.63663e-25
1.81069e-25
3.62191e-25
1.30537e-24
7.09384e-24
-1.41041e-23
4.30262e-23
3.89944e-23
-3.01627e-22
-1.07935e-22
3.95134e-21
8.54006e-21
3.82758e-21
-1.63348e-21
1.09918e-20
4.24967e-20
6.32861e-19
-3.1409e-18
-4.18075e-18
-8.63373e-19
9.50618e-20
3.46174e-17
1.38403e-16
3.17458e-18
-1.32807e-17
-8.01105e-17
6.30481e-16
-9.44439e-17
2.59689e-15
9.17708e-15
4.95899e-15
1.47754e-16
1.66816e-14
5.29245e-15
-5.54895e-16
-2.67434e-16
-6.82051e-17
4.86357e-17
2.40208e-17
2.89916e-18
-5.55591e-20
1.01954e-17
6.30509e-40
-1.10272e-37
1.28552e-35
1.54095e-33
-7.26781e-33
-2.21214e-32
-1.10407e-31
-3.70194e-31
-5.66109e-31
-9.21281e-31
2.54867e-30
1.09389e-31
1.7973e-30
1.09901e-28
9.7151e-29
1.50892e-28
6.78948e-27
1.43179e-26
5.2015e-27
8.02725e-26
4.96573e-26
2.58251e-25
-4.96546e-25
-2.40047e-25
2.57984e-25
3.36338e-25
-1.55722e-23
5.20985e-23
4.98621e-22
4.93085e-22
1.30437e-21
-8.95555e-22
-1.05701e-21
4.19798e-21
1.83173e-19
1.10443e-19
-7.22412e-20
-5.12492e-19
-2.11369e-19
2.11741e-19
6.45943e-20
-4.11486e-18
3.11776e-18
-4.61991e-17
-3.39515e-17
-1.31317e-17
-6.26288e-19
-6.61398e-17
1.8996e-15
6.35369e-16
-1.81003e-17
1.57894e-15
5.06041e-16
-1.56496e-16
-8.83553e-17
-1.64607e-17
1.24985e-17
5.51855e-18
4.19423e-19
2.36896e-20
6.00796e-40
-2.09672e-38
-5.17072e-36
4.31821e-34
-4.91183e-34
-2.06942e-34
-6.00834e-33
-6.47891e-32
-2.14304e-31
-5.40499e-31
-3.54991e-31
-3.25622e-31
-2.00212e-31
2.42553e-30
5.23453e-29
6.15985e-29
-1.33693e-29
1.37987e-27
1.74613e-27
4.68354e-27
1.29909e-26
8.71423e-27
1.72139e-26
-3.29572e-26
1.22898e-27
-1.84166e-25
-1.07409e-24
-1.70301e-24
-6.40597e-24
-3.64883e-24
-8.10317e-24
-2.4872e-22
-6.3812e-22
7.19596e-22
4.71013e-21
5.58861e-20
4.6945e-20
-7.80218e-20
-6.26161e-20
5.39731e-20
2.48046e-20
-2.07359e-19
1.75796e-18
-5.14962e-18
-1.4838e-17
-7.60616e-18
-6.43971e-19
1.69472e-19
-2.25896e-17
1.81373e-16
3.78404e-17
3.05072e-17
1.37502e-16
6.08554e-18
-4.92803e-17
-2.70441e-17
-4.46392e-18
2.73703e-18
1.121e-18
3.12363e-20
3.34885e-40
-1.45465e-39
-3.25234e-36
-2.38041e-35
2.39549e-34
4.66708e-34
-1.55274e-33
-8.11212e-33
-2.83302e-33
-8.6854e-32
-1.87652e-31
-1.52202e-31
5.61899e-32
-1.64697e-31
2.37384e-29
2.93941e-29
-2.07963e-30
-2.45326e-29
-5.76283e-29
8.33601e-28
1.9859e-27
1.55167e-27
5.12394e-27
-6.18415e-27
1.03693e-27
-8.9187e-26
-5.31276e-26
-4.64485e-25
-2.75987e-24
-2.1116e-24
-6.60307e-24
-6.02522e-24
-7.62024e-23
-2.98246e-23
-4.87383e-23
1.01903e-20
2.80611e-20
1.08923e-20
-6.84378e-21
-2.44159e-21
1.77073e-21
-1.00573e-21
3.02652e-20
2.01111e-20
-8.86259e-21
-2.3298e-19
-1.97833e-19
1.94217e-20
-2.73218e-20
5.10109e-18
7.95004e-18
7.38484e-18
1.19262e-17
9.71191e-18
-9.60653e-18
-1.45613e-17
-7.64026e-18
-1.43365e-18
5.27869e-19
1.34489e-19
2.13953e-41
-8.6336e-41
-6.89632e-37
-1.11021e-35
-1.10429e-35
1.11686e-34
2.87741e-35
-6.73474e-34
-2.43919e-34
-3.72259e-33
-1.49313e-32
-7.95089e-33
4.18797e-32
-5.91315e-32
-6.60504e-32
3.43436e-30
-2.9402e-32
-1.00688e-29
-4.54883e-29
-3.21145e-30
1.68645e-28
7.57047e-29
6.1943e-29
2.57326e-28
-3.70779e-28
-1.50613e-27
-1.10124e-27
-4.19174e-28
-7.95075e-28
-2.57347e-25
-8.52166e-25
-1.48526e-25
-3.30696e-25
-8.67897e-24
-3.45225e-23
-3.79604e-24
2.09821e-21
3.43742e-21
1.94913e-21
-7.20643e-23
4.07012e-23
-3.48562e-22
-1.46668e-22
3.42865e-21
2.47409e-21
-3.93743e-20
-4.31839e-20
5.18725e-21
-5.51017e-21
7.54138e-19
2.03722e-18
-5.29253e-20
2.03168e-18
4.28868e-18
2.76368e-18
-1.71931e-18
-3.08208e-18
-1.50249e-18
-2.86825e-19
1.74831e-21
)
;

boundaryField
{
    left
    {
        type            fixedValue;
        value           nonuniform List<scalar> 
60
(
1
1
1
1
1
1
0
0
0
0
0
0
0
0
0
0
0
0
0
0
0
0
0
0
0
0
0
0
0
0
0
0
0
0
0
0
0
0
0
0
0
0
0
0
0
0
0
0
0
0
0
0
0
0
0
0
0
0
0
0
)
;
    }
    right
    {
        type            zeroGradient;
    }
    bottom
    {
        type            fixedValue;
        value           nonuniform List<scalar> 
60
(
1
1
1
1
1
1
0
0
0
0
0
0
0
0
0
0
0
0
0
0
0
0
0
0
0
0
0
0
0
0
0
0
0
0
0
0
0
0
0
0
0
0
0
0
0
0
0
0
0
0
0
0
0
0
0
0
0
0
0
0
)
;
    }
    top
    {
        type            zeroGradient;
    }
    frontAndBack
    {
        type            empty;
    }
}


// ************************************************************************* //
