/*--------------------------------*- C++ -*----------------------------------*\
| =========                 |                                                 |
| \\      /  F ield         | OpenFOAM: The Open Source CFD Toolbox           |
|  \\    /   O peration     | Version:  v2106                                 |
|   \\  /    A nd           | Website:  www.openfoam.com                      |
|    \\/     M anipulation  |                                                 |
\*---------------------------------------------------------------------------*/
FoamFile
{
    version     2.0;
    format      ascii;
    arch        "LSB;label=32;scalar=64";
    class       volScalarField;
    location    "0.6";
    object      T;
}
// * * * * * * * * * * * * * * * * * * * * * * * * * * * * * * * * * * * * * //

dimensions      [0 0 0 1 0 0 0];

internalField   nonuniform List<scalar> 
3600
(
1
1
1
1
1
1
0.428571
0.047619
7.14285e-11
-9.97369e-31
-4.93165e-31
-5.14739e-32
2.06663e-32
6.5776e-33
3.42302e-33
-3.9858e-31
-3.28445e-30
-1.58952e-28
9.71003e-29
1.24811e-26
5.66487e-23
2.8105e-23
-6.58993e-25
-1.49199e-24
-9.77937e-25
-1.84923e-25
-1.70039e-24
-3.3729e-23
-1.97562e-23
-6.71433e-24
-1.51147e-24
1.77718e-24
8.81291e-24
4.87312e-24
1.04059e-24
-2.06789e-25
-2.0338e-25
-3.33132e-25
-5.35835e-26
2.33037e-27
6.67445e-27
1.92414e-27
-8.23747e-29
-8.04583e-29
-8.74666e-29
-5.52407e-29
-9.58577e-30
-6.50154e-31
1.62787e-30
8.42051e-31
8.35607e-32
-3.20027e-32
-1.20606e-32
-1.06706e-34
-8.33379e-35
-5.28804e-35
-4.40613e-35
-9.56478e-36
-6.0542e-36
-3.36657e-36
1
1
1
1
1
1
0.928571
0.496032
0.139881
-2.24611e-15
-1.15179e-15
-4.10127e-16
-4.43831e-17
5.445e-18
5.44406e-18
3.35473e-18
1.49923e-18
8.89161e-20
1.28044e-19
-2.23611e-20
-3.5443e-20
8.00478e-20
6.70984e-20
3.53884e-20
6.35541e-21
1.93003e-22
1.40705e-22
7.64652e-23
-3.49712e-22
-4.77599e-22
-2.98012e-22
-1.5489e-22
-6.49262e-23
2.52087e-23
4.95718e-23
2.47582e-23
6.6772e-24
5.37817e-25
-1.87835e-24
-9.24667e-25
-8.69328e-26
4.68432e-26
2.3172e-26
2.74798e-27
1.01249e-27
-9.26784e-29
-1.10123e-28
-6.27292e-29
-7.68973e-30
2.2533e-30
8.40486e-31
2.30899e-31
-1.11483e-31
-6.13239e-32
-2.48637e-32
-7.27036e-33
2.33869e-33
2.74048e-33
2.64067e-33
7.58191e-34
1
1
1
1
1
1
1
0.860119
0.5
0.15997
-4.79852e-10
-2.87882e-10
-1.12983e-10
-1.27173e-11
-8.32681e-17
8.33881e-17
7.16686e-17
3.12571e-17
-4.50799e-18
-4.33016e-18
-2.9239e-18
-5.13208e-19
9.53606e-19
7.86479e-19
2.19251e-19
7.94791e-21
5.64097e-21
4.14151e-21
2.62319e-21
-4.20612e-22
-3.98215e-21
-2.54216e-21
-1.26734e-21
-5.40494e-22
-7.14006e-23
1.79283e-22
4.85151e-23
3.25652e-23
5.74151e-24
-2.54017e-24
-1.49757e-24
-3.27677e-25
9.20232e-26
4.99579e-26
1.8993e-26
5.2047e-28
-4.92361e-28
-4.05346e-28
-2.17607e-28
-5.59682e-29
1.33735e-29
5.3824e-30
1.44452e-30
-5.04549e-31
-4.73605e-31
-3.11559e-31
-1.30754e-31
-2.36884e-32
1.46491e-32
5.10486e-34
1
1
1
1
1
1
1
1
0.84003
0.5
0.164993
8.59145e-11
-1.66255e-10
-9.36295e-11
-3.28707e-11
-1.32578e-12
-2.05595e-15
-1.23887e-16
-8.0509e-17
-4.62368e-17
-2.79669e-17
-7.49044e-18
3.35753e-18
7.92102e-19
5.23777e-19
2.73757e-19
2.02792e-19
1.28392e-19
7.55656e-20
3.65653e-20
8.19538e-21
-2.10643e-20
-1.25392e-20
-7.19043e-21
-3.72069e-21
-1.10168e-21
1.95884e-21
6.59105e-22
2.03842e-22
-6.63336e-24
-9.49104e-24
-4.93774e-24
-4.51794e-25
2.34612e-25
1.52444e-25
5.4862e-26
-4.55006e-27
-4.43558e-27
-3.02317e-27
-1.22604e-27
-8.04283e-29
1.11492e-28
8.95185e-29
4.93685e-29
8.70225e-30
-6.93908e-31
-5.94304e-31
-2.84615e-31
-3.46107e-32
2.20136e-34
1
1
1
1
1
1
1
1
1
0.835007
0.5
0.166248
-1.66098e-10
-1.396e-10
-7.67658e-11
-2.3784e-11
-5.37285e-13
-1.01324e-14
-6.70172e-16
-2.60876e-16
-1.05747e-16
-8.71412e-17
-1.42215e-17
5.46992e-19
3.97768e-19
3.20475e-19
4.33745e-19
1.44146e-18
1.19221e-18
6.98014e-19
3.20234e-19
8.05232e-20
-1.89981e-19
-9.62521e-20
-4.71789e-20
-2.5248e-20
-3.5673e-21
1.98163e-21
1.29951e-21
4.14452e-22
-6.01655e-23
-3.59226e-23
-1.40977e-23
-8.67226e-25
2.51911e-25
1.7263e-25
5.78664e-26
-9.14533e-28
-5.20593e-27
-3.99501e-27
-1.49131e-27
1.27463e-28
9.74526e-29
5.31444e-29
2.70865e-29
5.10568e-30
8.92311e-31
-1.82614e-31
-8.24969e-32
-9.06179e-35
1
1
1
1
1
1
1
1
1
1
0.833752
0.5
0.166562
-6.46002e-10
-4.28545e-10
-1.74139e-10
-2.26889e-11
-2.5516e-12
-2.03467e-14
-1.11289e-15
-5.7338e-16
-1.04226e-16
-4.20837e-18
-9.80347e-19
-1.17411e-18
-1.20325e-18
-9.82329e-19
2.85919e-19
4.9042e-18
7.66327e-18
4.68118e-18
1.88201e-18
1.40375e-19
-7.55109e-19
-4.69871e-19
-1.89e-19
-9.83545e-20
1.97195e-21
6.63634e-21
4.20293e-21
1.00192e-21
-1.39354e-22
-8.29992e-23
-3.11631e-23
2.53171e-25
1.03281e-24
6.91883e-25
2.30826e-25
-3.14001e-26
-2.06378e-26
-1.03104e-26
-2.15757e-27
-9.36113e-29
-1.63426e-28
-8.13231e-30
-6.20235e-30
-7.88015e-31
-9.50199e-32
-4.38823e-32
-3.68724e-33
0.428571
0.928571
1
1
1
1
1
1
1
1
1
0.833438
0.5
0.166641
2.79253e-10
-3.90207e-10
-2.10972e-10
-7.8702e-11
-1.69783e-11
-1.54692e-14
-5.25006e-16
-8.67743e-17
-1.50628e-17
-1.50313e-17
-1.69667e-17
-2.11887e-17
-2.1602e-17
-1.97793e-17
-1.01267e-17
2.45286e-18
2.60276e-17
1.74484e-17
7.26014e-18
7.38999e-19
-3.68003e-18
-2.19467e-18
-7.74763e-19
-2.92953e-19
4.26356e-20
3.03677e-20
1.39583e-20
1.53101e-21
-2.90807e-22
-2.42818e-22
-9.58296e-23
3.51096e-24
5.75328e-24
3.32867e-24
7.7095e-25
-1.52477e-25
-8.84074e-26
-3.87742e-26
-4.67762e-27
4.75427e-28
3.88158e-28
1.62999e-28
1.25462e-29
1.6924e-31
1.55119e-31
9.23199e-32
0.047619
0.496032
0.860119
1
1
1
1
1
1
1
1
1
0.833359
0.5
0.16666
7.43116e-10
-1.06264e-09
-6.41604e-10
-2.86519e-10
-8.8765e-11
-1.40276e-14
-1.39408e-16
-1.25818e-16
-1.2837e-16
-1.43877e-16
-1.77428e-16
-1.93315e-16
-1.88387e-16
-1.69783e-16
-1.11112e-16
-2.92858e-17
5.25587e-17
3.97243e-17
1.77521e-17
1.20536e-18
-9.10742e-18
-5.65897e-18
-2.49682e-18
-7.36709e-19
1.54016e-19
1.18075e-19
5.5369e-20
5.05099e-21
-2.3262e-22
-1.71091e-22
-5.44519e-23
1.74676e-23
1.63037e-23
8.2173e-24
1.51963e-24
-5.02905e-25
-3.15635e-25
-1.28062e-25
9.37136e-27
8.97024e-27
4.27841e-27
-1.05327e-28
-1.22239e-28
-6.82463e-29
1.66065e-33
7.14275e-11
0.139881
0.5
0.84003
1
1
1
1
1
1
1
1
1
0.83334
0.5
0.166665
2.15315e-09
-3.77475e-09
-2.30269e-09
-1.05889e-09
-3.30791e-10
-5.07263e-14
-7.69492e-16
-1.34156e-15
-2.61653e-15
-8.96813e-15
-1.02716e-14
-6.64648e-15
-3.60547e-15
-1.8315e-15
-8.81434e-16
-1.55402e-16
1.1133e-16
8.64606e-17
4.01838e-17
1.32319e-18
-1.6015e-17
-1.17784e-17
-5.79646e-18
-1.37236e-18
1.92491e-19
1.39126e-19
5.22068e-20
3.10819e-21
-3.98435e-22
-3.04087e-22
-9.96007e-23
7.34722e-23
4.93368e-23
2.05724e-23
1.6755e-25
-1.15642e-24
-7.88232e-25
-2.30321e-25
4.82797e-26
3.71775e-26
1.06962e-26
-3.41493e-28
-4.61778e-29
-6.78982e-30
1.31413e-15
2.06278e-14
0.15997
0.5
0.835007
1
1
1
1
1
1
1
1
1
0.833335
0.5
0.166666
7.32974e-09
-1.24864e-08
-7.64e-09
-3.51269e-09
-1.05945e-09
-6.42892e-13
8.07225e-14
4.61339e-14
1.00987e-14
-1.14748e-14
-7.05406e-14
-5.33129e-14
-3.12904e-14
-1.51836e-14
-5.30979e-15
7.40977e-16
5.19113e-16
2.75945e-16
1.02539e-16
-1.83088e-17
-2.82446e-17
-2.45355e-17
-1.2162e-17
-1.83533e-18
1.45385e-19
1.09116e-19
3.80208e-20
-5.98663e-21
-4.38639e-21
-1.90983e-21
-3.09799e-22
2.35181e-22
1.64203e-22
5.88948e-23
-5.77479e-24
-4.70927e-24
-2.16481e-24
-2.48461e-25
4.64756e-26
3.45187e-26
8.87495e-27
7.24273e-31
-3.73158e-30
-8.91433e-16
8.78763e-16
-4.79157e-10
0.164993
0.5
0.833752
1
1
1
1
1
1
1
1
1
0.833334
0.5
0.166667
1.45446e-08
-3.70046e-08
-2.27014e-08
-1.03886e-08
-2.99704e-09
-4.04107e-12
1.19937e-12
7.69094e-13
3.40751e-13
4.34858e-14
-1.50049e-13
-3.15709e-13
-1.97184e-13
-9.23678e-14
-2.59968e-14
2.70248e-15
1.6888e-15
8.31311e-16
2.51009e-16
-8.47186e-17
-6.64417e-17
-4.97276e-17
-2.07009e-17
2.17803e-19
2.23575e-19
1.18449e-19
1.85401e-20
-8.67595e-21
-6.7414e-21
-2.9202e-21
-2.04327e-22
2.66043e-22
1.90238e-22
5.74651e-23
-9.18238e-24
-6.31199e-24
-1.796e-24
4.49466e-26
3.6165e-26
1.49609e-26
1.19524e-28
3.72898e-30
-8.91336e-16
1.04749e-15
-2.87202e-10
9.37139e-11
0.166248
0.5
0.833438
1
1
1
1
1
1
1
1
1
0.833333
0.5
0.166667
2.79017e-08
-9.8658e-08
-6.06755e-08
-2.75877e-08
-7.5955e-09
-1.75607e-12
1.93522e-12
1.57536e-12
8.36984e-13
2.19771e-13
-2.31089e-13
-6.80478e-13
-5.54193e-13
-2.62785e-13
-7.03772e-14
8.1839e-15
4.10308e-15
2.02756e-15
6.91212e-16
-2.19831e-16
-1.73765e-16
-8.9795e-17
-2.12562e-17
2.30148e-18
1.35247e-18
5.34001e-19
-5.00178e-20
-5.45388e-20
-3.01182e-20
-8.47294e-21
1.1048e-21
9.19854e-22
5.6405e-22
1.40879e-22
-2.55395e-23
-1.86537e-23
-8.20744e-24
3.87857e-27
2.16719e-26
3.11716e-28
4.81375e-29
-8.90109e-16
2.32021e-15
-1.11773e-10
-1.66545e-10
-9.53765e-11
0.166562
0.5
0.833359
1
1
1
1
1
1
1
1
1
0.833333
0.5
0.166667
7.87919e-08
-2.38739e-07
-1.47163e-07
-6.64127e-08
-1.73916e-08
1.76412e-11
1.14651e-11
6.22259e-12
2.88893e-12
9.53884e-13
-2.28387e-13
-1.07059e-12
-1.01488e-12
-5.61199e-13
-1.20333e-13
2.43464e-14
1.29195e-14
6.01509e-15
1.96664e-15
-5.77673e-16
-4.90404e-16
-2.26442e-16
-7.31184e-17
1.16435e-17
6.65682e-18
2.39195e-18
-2.05912e-19
-1.95286e-19
-9.8999e-20
-2.29449e-20
1.38441e-21
8.26836e-22
4.14752e-22
7.80696e-23
-1.21502e-23
-7.73219e-24
-2.18994e-24
-2.05183e-25
1.77707e-26
6.25951e-27
-8.82175e-16
1.39779e-14
-1.1696e-11
-8.99566e-11
-1.74344e-10
-8.72084e-11
0.166641
0.5
0.83334
1
1
1
1
1
1
1
1
1
0.833333
0.5
0.166667
1.81586e-07
-5.28957e-07
-3.26729e-07
-1.462e-07
-3.63306e-08
7.60302e-11
4.72447e-11
2.35543e-11
9.86931e-12
3.27654e-12
-2.3687e-13
-1.06914e-12
-9.52273e-13
-4.98879e-13
-4.48445e-14
5.76417e-14
4.27071e-14
2.28068e-14
6.27699e-15
-1.00937e-15
-9.01851e-16
-4.76829e-16
-1.25205e-16
2.5599e-17
1.96271e-17
6.85263e-18
-7.25762e-19
-6.56371e-19
-2.72056e-19
-2.7867e-20
5.8088e-21
2.50896e-21
8.78225e-22
4.03178e-23
-3.67244e-24
-2.3997e-24
-8.33219e-25
-1.16621e-25
3.29208e-27
-8.47817e-16
9.42902e-15
8.92443e-14
-2.43406e-11
-1.03452e-10
-4.60262e-10
2.91847e-09
0.16666
0.5
0.833335
1
1
1
1
1
1
1
1
1
0.833333
0.5
0.166667
4.29561e-07
-1.08161e-06
-6.69288e-07
-2.96723e-07
-7.00498e-08
2.3764e-10
2.18789e-10
1.1669e-10
4.6906e-11
9.7529e-12
1.29399e-12
1.09425e-13
-3.02903e-13
-9.24171e-14
8.8487e-14
1.34587e-13
1.31965e-13
8.54289e-14
1.65811e-14
-8.07915e-16
-6.76807e-16
-2.70314e-16
-6.5521e-17
1.72097e-17
1.17391e-17
3.65092e-18
-5.91485e-19
-7.54554e-19
-3.51199e-19
-2.17547e-20
6.62016e-21
4.65184e-21
8.23844e-22
7.75671e-23
3.84068e-24
6.95157e-25
1.98198e-25
2.70064e-26
-7.2083e-16
5.07692e-15
8.26499e-14
7.49529e-14
-3.77207e-11
-2.79579e-10
-2.09834e-09
9.50863e-09
0.166665
0.5
0.833334
1
1
1
1
1
1
1
1
1
0.833334
0.500001
0.166668
1.08682e-06
-2.0558e-06
-1.2741e-06
-5.59961e-07
-1.27108e-07
8.67441e-11
4.69514e-10
2.82559e-10
1.22572e-10
3.10571e-11
1.0984e-11
3.17042e-12
7.87774e-14
1.68999e-13
2.25586e-13
1.75464e-13
4.11025e-14
-1.68149e-14
-1.89006e-14
-9.70237e-15
-6.65636e-16
1.33328e-16
1.2429e-16
4.86552e-17
5.27146e-18
-8.24045e-19
-1.12932e-18
-8.17784e-19
-2.27924e-19
7.44802e-21
6.19907e-21
2.92653e-21
-5.44449e-23
-6.20129e-23
-3.17409e-23
1.20743e-24
5.25288e-25
-4.86535e-16
2.1101e-15
6.20228e-14
6.03115e-14
-3.77739e-12
-1.20629e-10
-1.27341e-09
-9.50907e-09
3.04159e-08
0.166666
0.5
0.833333
1
1
1
1
1
1
1
1
1
0.833335
0.500005
0.166671
2.90095e-06
-3.65523e-06
-2.26952e-06
-9.92529e-07
-2.24588e-07
-1.49813e-10
9.73395e-10
7.20538e-10
3.36915e-10
1.13007e-10
3.91271e-11
7.51637e-12
1.13016e-12
6.59928e-13
3.38165e-13
3.27857e-14
-1.4249e-13
-1.2602e-13
-6.79965e-14
-7.45828e-15
1.71504e-15
1.34219e-15
5.52661e-16
1.28269e-17
-2.75067e-18
-2.67561e-18
-1.84614e-18
-8.33711e-19
-2.1149e-20
-9.79278e-22
1.14342e-21
3.03145e-22
-3.54568e-23
-2.35638e-23
-2.00714e-24
8.18661e-26
-2.62418e-16
4.81789e-17
3.11786e-14
3.19344e-14
-3.29446e-13
-3.49332e-11
-5.84539e-10
-5.78315e-09
-3.80989e-08
8.6354e-08
0.166667
0.5
0.833333
1
1
1
1
1
1
1
1
1
0.833339
0.500014
0.166679
7.79197e-06
-6.11336e-06
-3.81005e-06
-1.67001e-06
-3.79725e-07
1.05728e-09
1.13274e-09
9.1433e-10
5.29524e-10
2.74669e-10
1.30764e-10
5.66096e-11
1.49031e-11
5.11172e-12
-1.00912e-13
-5.07254e-13
-4.68769e-13
-2.92469e-13
-9.65722e-14
1.29855e-14
8.40183e-15
4.08544e-15
7.59455e-16
6.044e-17
1.22004e-18
-3.92807e-18
-2.59861e-18
-1.57142e-19
4.77309e-20
3.50609e-20
-3.9827e-22
-3.48588e-22
-1.32437e-22
-2.28207e-23
3.34695e-26
-2.54914e-17
-9.63845e-17
2.82336e-15
4.16834e-15
4.81327e-14
-1.12437e-12
-1.9357e-10
-2.67694e-09
-2.32313e-08
-1.34766e-07
2.07597e-07
0.166667
0.5
0.833333
1
1
1
1
0.999999
0.999999
1
0.999999
0.999999
0.833351
0.500041
0.1667
2.00938e-05
-9.72648e-06
-6.10388e-06
-2.68456e-06
-5.8893e-07
2.98792e-09
2.28164e-09
1.55315e-09
9.97237e-10
6.21399e-10
3.66626e-10
1.86372e-10
7.19603e-11
1.84156e-11
-4.90667e-12
-3.21952e-12
-1.82648e-12
-7.52248e-13
-6.9663e-14
3.4316e-14
2.13014e-14
8.22802e-15
-7.15741e-18
-1.21687e-17
-1.38634e-17
-8.40141e-18
-1.50682e-18
7.69493e-20
6.67145e-20
1.72476e-20
-3.93811e-22
-1.63714e-22
-5.09214e-23
-6.95704e-24
-1.07163e-18
-2.10326e-17
-2.53447e-16
-1.52071e-17
2.80287e-14
2.41977e-13
-7.31835e-12
-8.52189e-10
-1.07136e-08
-8.23638e-08
-4.2538e-07
5.29941e-07
0.166668
0.500001
0.833333
1
1
1
0.999999
0.999998
0.999998
0.999998
0.999998
0.999996
0.833381
0.500111
0.166751
4.83292e-05
-1.52748e-05
-9.64159e-06
-4.23571e-06
-9.24478e-07
6.28534e-09
4.57642e-09
3.0419e-09
2.00697e-09
1.30624e-09
7.69315e-10
4.28084e-10
1.39162e-10
2.17303e-11
-1.06303e-11
-8.97665e-12
-5.42487e-12
-1.97001e-12
-6.54267e-15
6.12003e-14
4.72779e-14
1.35634e-14
-8.80832e-17
-7.03387e-17
-3.54988e-17
-6.03254e-18
1.34678e-19
1.25289e-19
7.01095e-20
9.33757e-21
-1.72093e-22
-9.81873e-23
-1.51999e-23
-1.69118e-19
2.66525e-18
-1.78499e-16
3.84983e-17
1.2908e-14
1.48907e-13
2.04647e-12
-6.67155e-11
-3.359e-09
-3.7885e-08
-2.60619e-07
-1.21044e-06
1.3836e-06
0.16667
0.500003
0.833334
1
1
1
0.999998
0.999993
0.999994
0.999994
0.999994
0.999987
0.833457
0.500278
0.166865
0.000106697
-2.53575e-05
-1.59891e-05
-7.05354e-06
-1.6224e-06
2.48576e-08
1.61927e-08
8.9985e-09
4.71631e-09
2.45665e-09
1.20463e-09
6.29259e-10
1.77576e-10
1.38236e-11
-1.1292e-11
-9.82663e-12
-6.70078e-12
-2.45666e-12
-1.12711e-13
4.34803e-14
3.0072e-14
7.81801e-15
-9.52256e-17
-7.21431e-17
-2.81926e-17
-3.13164e-18
1.1637e-19
7.40833e-20
-3.64816e-21
6.97062e-23
-1.753e-23
-2.87411e-23
-5.95712e-20
1.86685e-18
-3.6416e-17
1.39647e-16
4.9302e-15
7.11248e-14
1.24202e-12
1.88768e-11
-2.77413e-10
-1.16517e-08
-1.19542e-07
-7.43453e-07
-3.13176e-06
3.19838e-06
0.166674
0.500006
0.833337
1
0.999999
0.999998
0.999994
0.999976
0.99998
0.999983
0.99998
0.999961
0.833625
0.50064
0.167097
0.000225343
-4.66426e-05
-2.92039e-05
-1.29685e-05
-3.16554e-06
1.24123e-07
7.6225e-08
3.68854e-08
1.39658e-08
4.05912e-09
1.78296e-09
5.89251e-10
7.05038e-11
2.87031e-11
-1.35949e-11
-1.13536e-11
-6.69278e-12
-2.18415e-12
4.95162e-14
4.57558e-14
2.65482e-14
5.44281e-15
2.62586e-18
-1.70313e-17
-9.70713e-18
-2.13769e-18
3.44038e-19
1.92848e-19
5.9261e-20
7.05693e-22
-5.31384e-23
-8.91056e-23
2.30126e-19
-2.07304e-19
8.32214e-17
8.99144e-16
2.58797e-14
5.82026e-13
1.13626e-11
1.2127e-10
-8.60837e-10
-3.59041e-08
-3.39722e-07
-1.92802e-06
-7.41995e-06
6.58881e-06
0.166683
0.500014
0.833344
0.999999
0.999998
0.999994
0.99998
0.999929
0.999939
0.999948
0.99994
0.99989
0.833951
0.501318
0.167583
0.000601665
-9.17209e-05
-5.70563e-05
-2.54206e-05
-6.34132e-06
4.6066e-07
2.80188e-07
1.29424e-07
4.34346e-08
5.14393e-09
2.4893e-09
6.75252e-10
2.25832e-11
-1.25233e-11
-1.75062e-11
-1.44642e-11
-7.5721e-12
-8.97351e-13
-1.02415e-15
3.20932e-14
1.78279e-14
1.68718e-15
-2.45266e-17
-2.39761e-17
-1.18314e-17
-8.68453e-19
-1.74857e-19
1.64965e-20
1.11122e-20
-5.55682e-23
1.92773e-23
-1.76167e-19
-2.32346e-19
7.69007e-18
7.79082e-18
2.1087e-15
2.07375e-13
5.26006e-12
7.31558e-11
5.70236e-10
-2.10252e-09
-1.02545e-07
-8.80576e-07
-4.58071e-06
-1.6199e-05
1.18405e-05
0.166697
0.500034
0.833365
0.999996
0.999994
0.999983
0.999939
0.9998
0.99983
0.999856
0.999835
0.999707
0.834494
0.502448
0.169045
0.00184266
-0.000179242
-0.000111229
-4.96237e-05
-1.26028e-05
1.27604e-06
7.78018e-07
3.5691e-07
1.1374e-07
1.25931e-09
-2.29931e-12
-1.82101e-10
-1.15785e-10
-3.0034e-11
-3.19954e-11
-2.06571e-11
-5.06083e-12
4.38179e-14
2.82097e-14
2.26767e-14
6.83191e-15
-3.76859e-17
-2.86674e-17
-1.63067e-17
-5.24791e-18
-1.08117e-19
3.11238e-20
2.62924e-20
5.72864e-21
7.20129e-23
-1.70708e-19
-1.74533e-19
1.25921e-19
2.55474e-18
1.33639e-17
1.71968e-14
1.84605e-12
3.37899e-11
3.45513e-10
2.12114e-09
1.80733e-09
-2.50228e-07
-2.07828e-06
-1.00226e-05
-3.27663e-05
1.78236e-05
0.166719
0.500089
0.833419
0.999987
0.99998
0.999948
0.99983
0.999469
0.999551
0.999622
0.999569
0.99926
0.835256
0.504225
0.172247
0.00446255
-0.00033127
-0.000206125
-9.33194e-05
-2.47495e-05
2.77745e-06
1.71164e-06
7.96387e-07
2.34308e-07
-3.33679e-09
-2.47631e-09
-1.09115e-09
-1.71825e-10
-4.83014e-11
-3.35889e-11
-1.6055e-11
-1.02472e-12
3.42523e-14
2.85988e-14
1.4366e-14
2.16952e-15
-2.07178e-17
-1.74461e-17
-6.28093e-18
-3.50066e-19
1.31171e-20
1.52422e-20
7.53642e-21
8.11621e-23
-9.2989e-20
-1.59857e-19
-8.04866e-20
1.38467e-18
1.35358e-17
8.45703e-17
1.14756e-13
1.15764e-11
1.58776e-10
1.58757e-09
2.87646e-09
1.16812e-08
-5.55469e-07
-4.50592e-06
-2.03055e-05
-6.17074e-05
2.18509e-05
0.166754
0.500211
0.833537
0.999961
0.99994
0.999856
0.999551
0.99867
0.998882
0.999063
0.998938
0.998235
0.836095
0.507097
0.177986
0.00888235
-0.000564142
-0.000397793
-0.000180232
-4.04882e-05
5.05079e-06
3.36281e-06
1.56778e-06
3.80012e-07
-4.73148e-09
-4.03271e-09
-2.21936e-09
-1.00751e-09
-4.47195e-11
-1.95135e-11
-8.47703e-12
-2.07314e-13
8.72142e-15
4.08299e-14
1.91714e-14
4.78927e-16
5.36747e-17
-1.27206e-17
-1.94442e-18
-3.3809e-20
9.58268e-21
7.51845e-21
6.42836e-23
-1.54221e-20
-1.28555e-19
-1.33995e-19
9.51201e-19
1.34167e-17
9.2739e-17
4.01256e-16
3.26138e-13
5.19385e-11
7.44481e-10
2.37196e-09
8.32213e-09
3.22621e-08
-1.13689e-06
-9.04047e-06
-3.82972e-05
-0.000108726
2.45857e-05
0.166829
0.500459
0.833761
0.99989
0.999835
0.999622
0.998882
0.996849
0.997364
0.997801
0.997524
0.99601
0.836882
0.511575
0.186827
0.0152094
-0.000847613
-0.000656432
-0.000283762
-5.42727e-05
7.96082e-06
5.99231e-06
2.62026e-06
5.44071e-07
-2.42182e-09
-3.96864e-10
-6.94345e-10
-8.16532e-11
-4.66622e-13
-1.38337e-11
-5.15122e-12
1.50862e-14
4.59899e-14
3.37736e-14
9.16643e-15
-1.60353e-16
-9.74153e-17
-5.42553e-18
-1.05906e-18
1.89864e-21
9.91481e-22
1.85116e-23
-7.69573e-22
-7.48428e-20
-4.54141e-19
9.9707e-20
1.24153e-17
1.13516e-16
7.36708e-16
-7.00156e-16
-1.39848e-12
2.37324e-10
1.34079e-09
5.14387e-09
2.13154e-08
7.52986e-08
-2.16159e-06
-1.69221e-05
-6.76597e-05
-0.000180084
2.97574e-05
0.166967
0.500914
0.834148
0.999707
0.999569
0.999063
0.997364
0.992924
0.994109
0.995103
0.99452
0.991415
0.83695
0.517018
0.198494
0.0229423
-0.0011387
-0.000891699
-0.000381374
-8.05669e-05
1.00243e-05
8.66029e-06
4.51175e-06
1.00593e-06
-7.2124e-08
-2.0832e-08
-1.94681e-09
-3.20294e-10
-5.92207e-11
-1.72605e-11
-1.89782e-12
7.3127e-14
6.36181e-14
3.25731e-14
4.10457e-15
1.42189e-16
9.01512e-18
1.03249e-18
6.75508e-19
6.12253e-20
2.6776e-24
-4.00155e-22
-3.8809e-20
-6.9029e-19
-9.06724e-19
9.55405e-18
1.4823e-16
1.67618e-15
3.13481e-16
-1.71329e-12
7.02331e-12
5.54492e-10
2.79328e-09
1.19266e-08
4.883e-08
1.5937e-07
-3.95573e-06
-3.01125e-05
-0.000120529
-0.000276663
4.40782e-05
0.167225
0.501658
0.834721
0.99926
0.998938
0.997801
0.994109
0.984922
0.987493
0.989588
0.988418
0.982392
0.834184
0.521265
0.210809
0.0303224
-0.00138739
-0.00109182
-0.000499682
-0.000121383
9.18731e-06
8.18325e-06
4.08831e-06
4.43743e-07
4.02816e-08
9.76895e-09
1.25683e-09
-9.76901e-11
-7.50596e-11
-3.55999e-11
-1.46137e-12
-6.64816e-14
4.05983e-14
2.13914e-14
2.8609e-17
-4.6698e-18
-6.39366e-18
-6.93283e-19
-2.549e-20
4.27709e-23
-1.94393e-22
-1.78496e-20
-5.2394e-19
-4.60271e-18
1.29615e-18
1.36555e-16
4.5904e-15
4.14275e-15
-9.56112e-13
-1.02989e-11
1.52847e-10
1.27944e-09
5.90947e-09
2.60249e-08
1.02354e-07
3.10101e-07
-7.34262e-06
-5.46859e-05
-0.000204157
-0.000396874
0.000134113
0.167931
0.502809
0.835429
0.998235
0.997524
0.995103
0.987493
0.969491
0.974693
0.978794
0.976651
0.96569
0.824789
0.520108
0.219147
0.034472
-0.00156255
-0.00125335
-0.000586692
-0.00013635
7.75115e-06
6.20074e-06
2.23561e-06
1.5001e-08
6.50716e-09
1.97011e-09
2.29762e-10
-2.63508e-11
-2.73662e-11
-1.22928e-11
5.47306e-14
4.73838e-14
2.27295e-14
4.61519e-15
-1.8518e-16
-1.07809e-16
-2.76633e-17
2.12753e-18
3.0932e-23
1.63881e-22
-6.43302e-21
-2.94917e-19
-9.86582e-18
-8.25156e-18
1.10405e-16
4.70935e-15
8.70333e-15
-2.67451e-13
-5.89047e-12
-4.29411e-11
3.77337e-10
2.53409e-09
1.16741e-08
5.26614e-08
1.98159e-07
5.58715e-07
-1.27464e-05
-8.98032e-05
-0.000307376
-0.000542161
0.0006373
0.169646
0.504621
0.836244
0.99601
0.994519
0.989587
0.974693
0.941532
0.948979
0.958597
0.955332
0.937006
0.803459
0.507417
0.21691
0.032261
-0.00182246
-0.00154654
-0.000810545
-0.00011496
4.81354e-06
3.27278e-06
8.78954e-07
4.68255e-10
1.56876e-09
4.10602e-10
-3.97409e-11
-4.83232e-11
-3.21069e-11
-6.43198e-12
3.68539e-14
3.14026e-14
1.40906e-14
3.3816e-16
-1.1356e-16
-1.28066e-16
-1.80735e-17
1.10272e-23
8.46645e-22
-1.01844e-21
-1.34386e-19
-6.44873e-18
-5.4909e-17
2.29297e-17
3.9954e-15
1.15976e-14
-2.20799e-14
-2.38189e-12
-2.53745e-11
-1.26363e-10
4.55734e-10
4.26691e-09
2.16812e-08
9.96223e-08
3.5706e-07
9.35192e-07
-1.80232e-05
-0.000131343
-0.000425324
-0.000720356
0.00198724
0.173047
0.507589
0.837059
0.991415
0.988417
0.978792
0.948975
0.898666
0.907983
0.925257
0.920006
0.891133
0.763555
0.476657
0.197938
0.0212029
-0.0018249
-0.00104967
-0.000463076
-3.72716e-05
2.45484e-06
1.5547e-06
3.04856e-07
1.8691e-09
1.31954e-09
-1.52062e-10
-1.42929e-10
-1.01811e-10
-4.33646e-11
-2.15983e-12
3.49574e-14
2.69065e-14
7.81392e-15
1.80678e-16
-8.52182e-17
-2.80028e-17
2.23995e-24
5.60823e-22
5.57766e-21
-4.40438e-20
-3.18859e-18
-5.15164e-17
-1.04753e-16
1.96225e-15
1.00436e-14
1.2544e-14
-2.68174e-13
-1.03763e-11
-7.56232e-11
-3.01458e-10
-1.26124e-11
5.79146e-09
3.82657e-08
1.78286e-07
6.52534e-07
1.42476e-06
-2.40319e-05
-0.00018134
-0.00056718
-0.000939361
0.00465162
0.178914
0.51214
0.837144
0.98239
0.976648
0.958591
0.907975
0.839188
0.849284
0.872444
0.864698
0.823404
0.700501
0.424712
0.159584
0.00295741
0.000233246
-0.000211259
-0.0001254
-1.58162e-05
1.21994e-06
5.47817e-07
7.65059e-08
9.13976e-09
2.07659e-09
-1.69426e-10
-1.57637e-10
-9.52176e-11
-2.26501e-11
3.40991e-14
3.38566e-14
2.19636e-14
9.00102e-16
-3.19128e-16
-1.29982e-16
-2.8494e-24
2.66916e-22
4.19947e-21
3.90617e-20
-1.15811e-18
-3.00204e-17
-2.723e-16
4.41981e-16
5.38462e-15
1.00507e-14
1.14374e-14
-1.53339e-12
-3.12736e-11
-2.22416e-10
-3.55413e-10
-7.93227e-10
6.65959e-09
6.52584e-08
3.23719e-07
1.10258e-06
1.99009e-06
-3.24386e-05
-0.000241426
-0.000739148
-0.00119456
0.00904525
0.187808
0.517604
0.834374
0.965682
0.955322
0.925238
0.849265
0.760628
0.768486
0.790995
0.784792
0.734477
0.616445
0.357175
0.0995658
-0.00027604
-0.000318618
-0.000219936
-8.48646e-05
-1.08074e-06
-4.75563e-08
4.92128e-08
3.32916e-08
1.6222e-08
3.25885e-09
-1.66325e-10
-1.41526e-10
-7.06864e-11
-8.49031e-12
-7.75037e-13
-2.76421e-14
8.27902e-15
2.60228e-15
5.47181e-17
-3.06214e-23
5.64844e-23
2.19298e-21
3.28422e-20
3.2555e-19
-1.16403e-17
-1.83482e-16
-4.89732e-16
6.14425e-16
3.4261e-15
7.99686e-15
4.778e-15
-5.20129e-12
-9.4959e-11
-2.9065e-10
-6.38745e-10
-1.45249e-09
7.55083e-09
1.11095e-07
5.29002e-07
1.58857e-06
2.61098e-06
-4.20176e-05
-0.000312268
-0.000937589
-0.00146632
0.0153291
0.199445
0.521822
0.82496
0.936983
0.919977
0.872373
0.768459
0.66367
0.671428
0.690614
0.686166
0.629818
0.522139
0.284034
0.0679128
-0.000468116
-0.000400095
-0.000221296
-5.64411e-05
1.28541e-07
1.08601e-07
8.97805e-08
5.59462e-08
2.52669e-08
2.37196e-09
-1.61007e-10
-1.25365e-10
-4.58688e-11
-1.23003e-12
-3.20337e-13
-7.85791e-15
7.61695e-16
-9.74976e-18
-1.51272e-23
-1.2398e-22
6.8421e-22
1.72426e-20
2.93405e-19
1.0154e-18
-6.75536e-17
-3.31462e-16
-4.5379e-16
-1.25361e-15
-1.29943e-15
-2.20906e-17
-3.8836e-15
-1.90895e-11
-1.43294e-10
-4.12701e-10
-1.07343e-09
-2.3191e-09
1.76347e-09
1.46605e-07
7.44863e-07
2.09813e-06
3.21365e-06
-5.1841e-05
-0.00039122
-0.00114679
-0.00171933
0.0230194
0.21167
0.52061
0.803602
0.891078
0.864623
0.790898
0.671401
0.554284
0.562729
0.577204
0.576848
0.525074
0.427922
0.214725
0.0407535
-0.000556265
-0.000457292
-0.000210828
-3.1941e-05
2.35632e-07
1.19736e-07
8.03165e-08
4.94431e-08
1.75063e-08
-2.77551e-10
-2.66721e-10
-1.45849e-10
-2.27367e-11
-1.89422e-12
-2.16284e-13
-4.19483e-14
-6.49787e-15
-4.66046e-24
-9.25566e-23
-4.0239e-22
4.028e-21
1.49177e-19
8.09209e-19
5.57513e-18
-9.65189e-17
-2.96191e-16
-9.58476e-16
-2.34861e-15
-7.80153e-15
-7.55455e-15
7.67162e-15
-4.85998e-11
-2.12267e-10
-6.30391e-10
-1.83233e-09
-3.24148e-09
4.19354e-09
2.07631e-07
1.02183e-06
2.59805e-06
3.68577e-06
-6.10971e-05
-0.000472765
-0.00134318
-0.00193398
0.0303092
0.219856
0.507847
0.763659
0.823293
0.784677
0.690569
0.562729
0.440461
0.448265
0.462944
0.472249
0.424624
0.324744
0.147518
0.0216972
-0.000640923
-0.000556471
-0.000246353
-1.58649e-05
6.73694e-08
5.81851e-08
4.59114e-08
2.62856e-08
7.2378e-09
-2.6887e-10
-2.2393e-10
-8.6247e-11
-6.30103e-13
-1.06427e-14
1.06756e-14
-1.60514e-15
1.51835e-24
-4.74898e-23
-2.83716e-22
-1.29093e-21
2.48663e-20
3.1228e-19
3.0945e-18
1.13654e-17
-5.7688e-17
-4.05186e-16
-1.68322e-15
-7.52148e-15
-9.02794e-15
4.57861e-16
4.79701e-14
-6.66963e-11
-2.91975e-10
-9.77642e-10
-2.64181e-09
-4.16268e-09
1.16067e-08
3.34277e-07
1.33403e-06
3.29318e-06
3.48625e-06
-7.52738e-05
-0.000559276
-0.00156912
-0.00195451
0.034523
0.217528
0.477051
0.700562
0.734241
0.685991
0.577409
0.448304
0.328863
0.338923
0.356143
0.368773
0.320934
0.228418
0.0961246
0.0100922
-0.000557794
-0.000432538
-0.000153376
-5.31329e-07
3.74602e-08
3.13826e-08
2.19574e-08
1.1863e-08
2.906e-09
-1.74177e-10
-9.30103e-11
-1.05254e-11
-6.83957e-13
-5.89111e-14
1.09656e-14
1.5717e-24
-1.49657e-23
-1.28559e-22
-1.05269e-21
-3.09093e-24
-1.03585e-20
9.49041e-19
9.48277e-18
9.74747e-18
1.98059e-17
-3.81657e-16
-3.78787e-15
-7.43825e-15
-4.25766e-15
2.57775e-14
1.45946e-13
-7.19097e-11
-4.01263e-10
-1.40178e-09
-3.8279e-09
-3.76891e-09
3.81465e-08
4.9306e-07
2.06614e-06
3.36527e-06
3.34367e-06
-0.000102067
-0.000787848
-0.00162646
-0.0019274
0.0322598
0.198392
0.425061
0.616386
0.629256
0.57633
0.46278
0.338861
0.226911
0.238962
0.257982
0.271576
0.227211
0.152554
0.0592746
0.00325501
-0.000157088
-9.64359e-05
-3.96864e-05
-5.30706e-06
-8.1284e-09
1.07646e-08
6.86652e-09
4.30384e-09
8.92771e-10
-1.99922e-11
-1.18889e-11
-3.54297e-12
-1.69147e-14
1.22654e-14
5.56649e-25
2.77196e-24
-1.88007e-23
-4.49815e-22
-8.26481e-22
-7.43139e-21
-7.27301e-20
4.29929e-18
8.27878e-18
2.22645e-17
1.35664e-16
-1.2536e-16
-2.458e-15
-2.11256e-15
1.05967e-14
8.86651e-14
4.02702e-13
-9.22577e-11
-5.84109e-10
-2.52552e-09
-4.30609e-09
-4.34636e-09
8.24466e-08
8.59073e-07
2.56233e-06
3.65788e-06
3.67116e-06
-0.000239108
-0.00093986
-0.00173674
-0.00176554
0.0215915
0.160196
0.35743
0.521838
0.524687
0.471987
0.35606
0.238941
0.138051
0.152618
0.174666
0.188547
0.152245
0.0964415
0.033947
-8.97256e-05
-7.47887e-05
-5.96879e-05
-2.40343e-05
-2.59269e-06
-1.11332e-08
6.0266e-09
5.10674e-09
2.27352e-09
2.20221e-12
-4.62005e-12
-2.76014e-12
-4.67092e-13
-6.48047e-15
9.31885e-31
1.38829e-24
1.0553e-23
-2.87047e-23
-4.54e-22
-4.52498e-21
-6.25874e-20
7.35307e-19
3.73968e-18
1.33394e-17
9.20987e-17
8.09434e-17
2.06255e-16
3.76897e-16
3.90735e-15
4.11148e-14
2.48162e-13
1.02129e-12
-1.65e-10
-1.13852e-09
-3.36258e-09
-4.88415e-09
-3.0528e-09
1.74333e-07
1.24283e-06
2.97329e-06
3.66777e-06
3.59971e-06
-0.000326388
-0.00110358
-0.00166444
-0.00180058
0.00294159
0.0999903
0.284204
0.427881
0.424576
0.368741
0.258009
0.152633
0.0686653
0.0859021
0.109192
0.123493
0.0964529
0.0566522
0.0161516
-6.49526e-05
-5.69703e-05
-3.67813e-05
-1.51526e-05
-6.83705e-07
-1.33299e-07
-7.31291e-09
3.29692e-09
1.21133e-12
-5.2107e-13
-6.6491e-13
-3.41977e-13
4.91277e-15
4.38271e-31
4.22148e-25
7.03262e-24
1.47647e-23
-5.28415e-23
-1.05782e-21
-2.47124e-20
-6.81051e-20
-6.58487e-20
9.26093e-19
2.65271e-17
6.89853e-17
1.60361e-16
3.44958e-16
1.68516e-15
1.50942e-14
1.16381e-13
6.30683e-13
2.31032e-12
-2.79293e-10
-1.72481e-09
-4.12265e-09
-4.66444e-09
-3.65329e-09
3.966e-07
1.69207e-06
3.2395e-06
3.46398e-06
-2.2778e-06
-0.000412155
-0.00109587
-0.00120738
0.000211208
-0.000577968
0.067982
0.215101
0.325126
0.321197
0.271734
0.174785
0.0859534
0.0210979
0.0361866
0.062251
0.0763199
0.0566869
0.0305296
0.00716339
-5.0468e-05
-4.47245e-05
-2.777e-05
-7.70855e-06
4.58753e-08
4.40756e-08
2.14815e-08
1.49186e-09
3.31743e-11
-9.56342e-14
-3.0103e-14
1.52688e-14
7.92367e-31
3.58368e-26
3.16023e-24
1.14159e-23
1.42618e-23
1.92133e-22
-7.16103e-22
-3.80968e-20
-1.45218e-19
-7.0968e-19
-4.00295e-18
6.62981e-18
6.20752e-17
1.75958e-16
4.04628e-16
2.26047e-15
3.94879e-14
2.92928e-13
2.06809e-12
1.17463e-12
-5.86252e-10
-2.45228e-09
-4.04923e-09
-4.86749e-09
5.31565e-10
5.98154e-07
2.08792e-06
3.21427e-06
3.04621e-06
-1.13902e-05
-0.000307788
-0.000705452
-0.000383466
-0.000553465
-0.000578157
0.0408433
0.147789
0.228746
0.227479
0.188781
0.109369
0.0362944
0.000278584
0.0104347
0.0323179
0.0422333
0.0302012
0.0152907
0.00308815
-4.03253e-05
-3.48806e-05
-1.89127e-05
-3.89722e-06
9.13398e-08
7.5019e-08
2.46837e-08
2.30008e-11
2.32411e-12
8.48913e-13
7.62497e-15
1.24227e-30
5.40418e-27
1.21466e-24
5.58751e-24
1.03556e-23
1.12028e-22
1.24467e-21
-5.87994e-21
-7.43735e-20
-4.94745e-19
-3.00914e-18
-4.6219e-18
-1.53e-17
1.07551e-17
-5.76191e-17
-6.60163e-16
3.28794e-16
8.74296e-14
1.05046e-12
3.04318e-12
-1.05437e-11
-8.71946e-10
-2.71453e-09
-4.26995e-09
-5.34179e-09
2.81968e-08
7.82812e-07
2.04996e-06
3.77374e-06
-6.85335e-07
3.13394e-06
-0.000166383
-0.000292121
-0.000442659
-0.000537184
-0.000614232
0.0217319
0.0962973
0.152822
0.152514
0.123767
0.0625336
0.0105625
-0.000195414
0.00212297
0.013688
0.0202803
0.0146333
0.0071621
0.00129735
-3.08453e-05
-2.57328e-05
-1.21346e-05
-1.35939e-06
-4.01789e-08
7.23681e-10
-1.01979e-09
8.27301e-12
2.48565e-12
2.40392e-13
1.49304e-30
1.75387e-27
9.05056e-25
3.58929e-25
-5.674e-24
5.05345e-23
8.1448e-22
5.36266e-21
9.61374e-21
-1.80962e-19
-1.39607e-18
-3.79296e-18
-1.14413e-17
-2.3594e-17
-6.41645e-17
-5.14051e-16
-1.12644e-15
-1.38553e-15
3.65155e-13
2.12645e-12
4.09671e-12
-3.71402e-11
-1.05624e-09
-2.68119e-09
-4.79112e-09
-5.28877e-09
4.64925e-08
7.89242e-07
2.3651e-06
2.05013e-06
3.1764e-06
3.91181e-06
-7.19352e-05
-0.000224951
-0.000391137
-0.000540546
-0.000664564
0.0101403
0.0594261
0.0966333
0.0966631
0.0766258
0.0327405
0.0022738
-4.13263e-05
-4.13139e-05
0.0057315
0.00935478
0.00674884
0.00322488
0.000522756
-2.17876e-05
-1.70222e-05
-6.41819e-06
-2.38942e-08
-5.15346e-09
-2.85552e-09
-2.04726e-10
4.03427e-13
-5.24935e-14
7.84621e-31
3.2135e-27
1.41667e-25
-4.08137e-25
-7.00424e-24
-1.51687e-23
3.57829e-22
3.74281e-21
1.74445e-20
9.38556e-20
-2.98927e-19
-1.94376e-18
-7.26693e-18
-2.02398e-17
-5.72032e-17
-3.09042e-16
-8.62614e-16
-4.69398e-15
1.11829e-14
7.98359e-13
2.68563e-12
6.50316e-12
-1.12933e-10
-1.00075e-09
-3.10116e-09
-4.88389e-09
-4.51885e-09
4.22035e-08
7.45718e-07
1.59212e-06
2.5573e-06
3.67262e-06
3.66652e-06
-3.89108e-05
-0.000163586
-0.000313578
-0.000594042
-0.000600916
0.00338349
0.0343763
0.0570249
0.0570126
0.0427316
0.014242
-4.1314e-05
-4.12722e-05
-4.0994e-05
0.00258595
0.00419737
0.00300928
0.00140366
0.00020031
-1.34637e-05
-9.48633e-06
-2.79052e-06
-7.76366e-10
-8.3226e-10
-6.99186e-11
-5.35436e-12
-1.8034e-13
-1.75881e-31
3.09546e-27
9.44789e-26
-2.53011e-25
-4.41488e-24
-2.86268e-23
-2.11647e-23
1.53714e-21
1.19187e-20
7.06194e-20
2.63167e-19
-2.31929e-19
-2.98712e-18
-1.17039e-17
-3.75956e-17
-1.56149e-16
-5.03672e-16
-3.01234e-15
-5.28267e-15
5.64621e-14
1.03672e-12
4.30164e-12
9.57127e-12
-5.16511e-11
-1.00833e-09
-3.43147e-09
-3.51855e-09
5.73819e-10
-4.79046e-09
4.73591e-07
1.30834e-06
2.57268e-06
3.40702e-06
3.31255e-06
-3.09444e-06
-7.41727e-05
-0.000292294
-0.000485057
-0.000326654
-0.000156912
0.0163258
0.0307907
0.030533
0.0206349
0.00582909
-4.09942e-05
-4.06158e-05
-3.92206e-05
0.00112684
0.00182223
0.00129654
0.00058948
7.30724e-05
-7.15861e-06
-4.81352e-06
-1.38668e-06
3.79437e-10
3.03752e-10
1.25315e-10
-2.15835e-13
-1.7529e-31
1.10581e-27
4.54434e-26
1.77837e-25
-1.67166e-24
-1.67077e-23
-6.69952e-23
-1.78342e-22
3.6242e-21
3.45938e-20
1.78404e-19
3.68595e-19
3.54802e-19
-3.34489e-18
-1.59802e-17
-7.57546e-17
-1.9594e-16
-1.17022e-15
-3.77051e-15
-5.93184e-15
1.01961e-13
1.69156e-12
8.21567e-12
8.10863e-12
8.38841e-12
-1.17741e-09
-2.27822e-09
-2.06105e-09
-4.51033e-09
-8.00589e-09
2.36146e-07
1.04506e-06
2.06067e-06
2.97552e-06
1.96728e-06
4.00324e-06
-2.95594e-05
-0.000146119
-0.000199463
-0.00013647
-7.08543e-05
0.00728066
0.0154945
0.0148595
0.00951
0.00262784
-3.9221e-05
-3.80412e-05
-3.47494e-05
0.000470836
0.000762403
0.000538215
0.000238157
2.56574e-05
-3.56032e-06
-2.36873e-06
-6.75019e-07
2.86578e-10
2.12704e-10
3.92339e-11
-6.57879e-32
-4.40732e-29
1.41896e-26
1.41086e-25
7.57384e-25
-5.46203e-24
-4.13377e-23
-1.622e-22
-5.78432e-22
4.63933e-21
6.76177e-20
2.60974e-19
5.14817e-19
1.87166e-18
-4.29447e-19
-1.33746e-18
-7.79233e-17
-3.36966e-16
-2.01634e-15
-4.64336e-15
-7.19604e-15
1.96989e-13
4.00329e-12
7.12314e-12
7.9925e-12
1.97138e-11
-6.05828e-10
-1.29645e-09
-3.12701e-09
-7.03526e-09
-6.32574e-09
-8.50094e-10
4.05764e-07
1.35115e-06
2.06846e-06
3.46123e-06
2.38379e-06
1.724e-06
-4.47213e-05
-6.31576e-05
-5.03276e-05
-2.93637e-05
0.00314412
0.00727695
0.00685795
0.00426324
0.00114458
-3.47509e-05
-3.26581e-05
-2.76365e-05
0.0001876
0.000306672
0.000214684
9.22224e-05
8.5074e-06
-1.71873e-06
-1.13919e-06
-3.23744e-07
1.61063e-10
8.12197e-11
-1.13692e-32
-3.13513e-29
-5.73603e-28
6.39886e-26
5.11133e-25
2.1122e-24
-9.99413e-24
-7.93553e-23
-4.17414e-22
-7.0879e-22
2.51388e-21
9.0106e-20
3.24018e-19
1.15695e-18
1.60103e-18
1.39835e-18
6.40983e-18
-1.59561e-17
-7.07363e-16
-2.35454e-15
-5.18834e-15
-4.88363e-14
8.50423e-13
3.79347e-12
5.76371e-12
1.66033e-11
3.82327e-11
-1.95111e-10
-9.58155e-10
-3.38149e-09
-5.25025e-09
-2.97472e-09
2.10897e-08
2.34675e-08
4.99598e-07
1.7957e-06
1.87038e-06
1.56812e-06
9.96575e-07
-1.22883e-05
-2.36924e-05
-2.25269e-05
-1.77849e-05
0.0013239
0.00327867
0.00305806
0.0018503
0.000478235
-2.76428e-05
-2.49207e-05
-1.91513e-05
7.04032e-05
0.000117501
8.18931e-05
3.45428e-05
3.21958e-06
-8.12094e-07
-5.4091e-07
-1.53672e-07
5.96404e-11
1.10199e-31
-1.69904e-29
-1.00007e-27
6.4552e-27
2.04998e-25
1.26115e-24
3.47117e-24
-7.019e-24
-1.58504e-22
-5.20059e-22
-9.05821e-22
-4.26396e-21
5.52108e-20
4.28003e-19
1.07276e-18
1.57471e-18
4.62563e-18
6.9094e-18
2.6595e-17
-5.02214e-16
-2.15936e-15
-3.91096e-14
-5.01853e-14
6.99439e-13
2.09593e-12
6.23553e-12
2.54579e-11
-1.58846e-11
1.17655e-10
-2.97221e-10
-2.28501e-09
-1.65892e-09
2.91757e-09
-4.2706e-09
-3.52162e-08
1.99351e-07
8.89568e-07
1.06692e-06
7.64838e-07
4.18747e-07
-6.72297e-06
-1.15305e-05
-1.42738e-05
-1.17802e-05
0.000537509
0.00142843
0.00131835
0.00077415
0.000190488
-1.91604e-05
-1.63413e-05
-1.15007e-05
2.43413e-05
4.25718e-05
3.00244e-05
1.26822e-05
1.39182e-06
-3.82739e-07
-2.61769e-07
-4.72299e-08
2.34955e-31
-5.51881e-30
-5.06906e-28
-1.31384e-27
-6.97776e-27
4.52809e-25
1.84285e-24
8.01039e-24
-4.32909e-24
-1.52653e-22
-6.06256e-22
-2.6713e-21
-8.75391e-21
-6.71047e-21
2.80256e-19
8.37856e-19
2.18254e-18
5.475e-18
2.46361e-17
3.71222e-17
-1.95208e-16
-1.59777e-14
-3.38578e-14
-3.30836e-14
4.58783e-15
-1.2898e-14
4.17047e-12
-1.54778e-12
-6.71669e-13
3.14912e-12
-1.7358e-10
-1.45861e-10
2.92957e-12
-1.75669e-09
-1.87891e-08
1.55676e-08
1.20622e-08
3.71887e-07
5.03656e-07
3.15393e-07
1.15013e-07
-2.22717e-06
-6.51471e-06
-9.0456e-06
-7.00823e-06
0.000209186
0.000600494
0.000547429
0.000310995
7.13642e-05
-1.14856e-05
-9.05464e-06
-5.66437e-06
8.32929e-06
1.45838e-05
1.04601e-05
4.57946e-06
6.90983e-07
-1.90896e-07
-9.43792e-08
9.58816e-32
2.52571e-30
-1.18442e-28
-9.21797e-28
-5.32828e-27
-1.53346e-26
6.13712e-25
4.26194e-24
1.03183e-23
2.44268e-23
5.93715e-23
-6.73491e-22
-4.53885e-21
-9.88992e-21
-1.03199e-20
1.18291e-19
7.51543e-19
2.67625e-18
1.29103e-17
2.3134e-17
2.30377e-16
-1.51799e-15
-5.2841e-15
-2.41738e-14
-2.10317e-14
-1.68003e-14
1.96182e-14
1.59565e-13
6.47558e-13
2.95173e-12
1.96748e-12
-2.9914e-11
1.80576e-11
2.66932e-10
-3.49364e-09
3.03458e-09
-6.53633e-11
4.5588e-09
1.44776e-07
1.25494e-07
9.8571e-08
8.00186e-08
-6.64497e-07
-3.22408e-06
-4.81083e-06
-3.57726e-06
7.84199e-05
0.000241292
0.000217182
0.000118779
2.47963e-05
-5.64525e-06
-3.72011e-06
-1.6594e-06
2.88721e-06
4.95102e-06
3.10903e-06
2.02947e-06
4.62082e-07
-6.81845e-08
2.14668e-33
1.43301e-30
6.74827e-30
-3.29031e-28
-2.60577e-27
-9.91692e-27
-2.41848e-26
1.23633e-24
5.86489e-24
2.08411e-23
-2.93825e-24
8.4974e-24
-3.56694e-22
-3.30115e-21
-6.52644e-21
6.13756e-23
-4.47391e-20
3.17171e-19
2.69503e-18
1.12288e-17
3.60496e-17
6.38669e-18
-2.09422e-16
-8.90363e-15
-1.60627e-14
-1.51789e-14
-1.11728e-14
5.14326e-14
3.29647e-13
1.8224e-12
1.65871e-12
1.56367e-12
1.31531e-11
5.26509e-11
-1.21048e-10
-1.14414e-10
-2.40426e-10
-7.26547e-10
-5.99232e-10
2.99037e-08
4.58015e-08
5.55883e-08
2.42999e-08
7.69646e-09
-1.3657e-06
-2.34771e-06
-1.71619e-06
2.74338e-05
9.18442e-05
8.19779e-05
4.30907e-05
8.6e-06
-1.72117e-06
3.81017e-07
4.45902e-07
1.23844e-07
9.03351e-07
1.34539e-06
8.73151e-07
1.21056e-07
-5.25049e-34
6.32692e-31
4.33189e-30
1.75696e-29
-5.21218e-28
-4.24257e-27
-2.10639e-26
-2.19725e-26
7.55774e-25
8.6188e-24
2.08048e-25
2.2864e-23
-6.74494e-23
-4.01527e-24
-1.42116e-21
-1.76994e-21
-2.03904e-22
-1.7312e-21
-1.414e-21
5.68651e-19
9.62808e-18
2.35002e-18
8.38885e-19
-2.15236e-19
-3.57245e-15
-7.65812e-15
-7.08291e-15
3.9893e-15
3.88443e-16
3.50083e-13
8.60051e-13
5.00873e-13
1.59287e-12
1.24536e-11
9.97621e-13
-4.73756e-11
-1.62327e-10
-6.10833e-10
-1.06942e-11
-3.81407e-09
6.96819e-09
1.7798e-08
1.4325e-08
5.94166e-09
4.49677e-09
-6.46361e-07
-1.09828e-06
-7.77979e-07
9.04681e-06
3.39892e-05
2.99611e-05
1.48914e-05
3.00856e-06
4.50998e-07
3.22194e-07
1.25924e-07
2.96648e-13
3.57425e-07
5.38729e-07
2.54428e-07
-4.14373e-33
1.01728e-31
1.9445e-30
1.26462e-29
2.41473e-29
-7.57199e-28
-1.18725e-26
-1.83699e-26
-1.45956e-26
3.86259e-25
-9.92376e-25
1.0856e-23
-8.62095e-24
-2.2448e-24
-1.17939e-23
-9.9095e-22
-9.06275e-22
-2.63572e-21
-2.72929e-21
-2.3785e-21
9.17434e-19
5.57043e-19
4.08178e-19
1.04496e-18
4.94336e-18
-8.0695e-16
-2.6691e-15
-1.17547e-15
-1.41226e-15
-1.47645e-14
1.62976e-13
1.08128e-13
-1.03199e-12
3.51811e-12
1.13967e-12
-1.52261e-12
-2.2979e-11
-2.68116e-10
-1.63388e-10
-1.33353e-10
-4.07649e-11
5.24191e-11
3.21098e-09
3.73353e-09
3.66654e-09
3.04099e-09
-2.93502e-07
-4.88541e-07
-3.31339e-07
3.31635e-06
1.27825e-05
1.06333e-05
5.08115e-06
1.27042e-07
1.27355e-07
8.25047e-08
1.69052e-08
1.87123e-13
1.77766e-07
1.61282e-07
-1.73883e-33
-5.45011e-32
3.71378e-31
5.3112e-30
2.10299e-29
2.14599e-29
-4.82047e-27
-1.00259e-26
-1.22332e-26
-9.01062e-28
-1.26795e-25
1.48111e-25
1.86836e-24
2.86129e-25
2.5829e-24
-1.24503e-22
-4.14593e-22
-2.28577e-21
-2.52002e-21
-2.30052e-21
1.70739e-19
1.58609e-19
1.26994e-19
8.34087e-19
1.15243e-18
1.3681e-18
-6.25719e-16
-6.39471e-16
-8.70031e-16
-9.41502e-15
-7.25368e-15
2.23812e-14
1.71099e-14
5.4778e-13
3.54319e-13
1.6945e-13
-3.9417e-14
5.58844e-14
-3.63939e-11
-6.67134e-11
-2.7944e-11
-6.60638e-13
1.71548e-10
1.105e-09
1.90276e-09
2.47659e-09
2.08579e-09
-1.28154e-07
-2.07889e-07
-1.39374e-07
1.65808e-06
4.68801e-06
3.14632e-06
9.17268e-07
-1.06997e-13
1.69049e-08
1.06792e-08
2.14909e-09
1.27757e-13
5.2088e-08
1.47885e-35
-3.09683e-32
-1.54115e-31
1.12119e-30
1.03997e-29
1.68878e-29
5.92384e-29
-2.41552e-27
-7.97528e-27
-7.14101e-27
-2.60647e-26
-2.16567e-26
1.18065e-25
4.67802e-25
1.5168e-24
7.29114e-24
-3.9683e-23
-8.91179e-22
-1.23022e-21
-2.73804e-21
3.78123e-20
-5.45886e-21
3.34638e-20
4.57394e-19
9.73242e-19
1.25038e-18
3.62512e-18
-1.66446e-16
-1.17906e-16
-6.13015e-16
-3.19493e-15
-4.26246e-17
1.02947e-15
7.96598e-16
4.20345e-14
7.95491e-14
4.40649e-15
5.56591e-14
-1.4606e-13
-2.09776e-12
-9.54539e-12
-5.71235e-13
3.61735e-11
-2.04065e-12
4.12791e-10
1.18537e-09
1.69904e-09
1.4137e-09
-5.40949e-08
-8.74499e-08
-5.75443e-08
7.76388e-07
2.04204e-06
1.35311e-06
3.59864e-07
-9.26869e-14
2.14892e-09
1.34909e-09
2.71426e-10
9.29209e-14
1.42126e-35
-1.44882e-32
-1.129e-31
-2.09661e-31
1.26649e-30
5.97789e-30
4.36519e-29
4.07789e-29
-1.96228e-27
-4.36026e-27
-1.14932e-27
-9.41479e-27
-9.80882e-27
2.82513e-25
7.86219e-25
3.95187e-24
2.53289e-24
2.74531e-23
-2.76776e-22
-8.01127e-22
-1.46354e-21
-6.09926e-21
-1.27231e-20
1.12809e-19
4.56808e-19
8.51497e-19
2.56927e-18
1.70488e-18
-1.24487e-18
-1.37529e-16
-1.24623e-16
-6.73963e-17
8.32614e-18
-5.17352e-18
9.98728e-17
2.03382e-14
-3.93671e-15
1.20239e-14
-3.97672e-15
-6.00713e-15
-1.47606e-13
-5.66634e-13
3.13347e-12
-4.08295e-12
-8.76644e-12
2.16805e-10
7.49408e-10
1.11541e-09
8.96169e-10
-2.26325e-08
-3.71759e-08
-2.56844e-08
5.33247e-07
8.77479e-07
5.36521e-07
1.76105e-07
-7.87157e-14
2.71286e-10
1.73936e-10
2.51096e-11
7.68796e-36
-3.33518e-33
-4.39892e-32
-1.44284e-31
-4.47614e-32
-2.72395e-31
6.91646e-30
1.65562e-29
8.5072e-30
-5.39314e-28
-3.40067e-28
-3.67212e-28
-5.77463e-27
8.03465e-26
1.1764e-25
-1.98937e-26
1.13286e-24
1.12199e-23
6.47333e-24
1.25738e-24
6.80983e-23
-1.31335e-21
-8.64259e-21
-8.84079e-21
6.40279e-20
1.69792e-19
6.43466e-19
6.29174e-19
9.77739e-18
-3.19209e-17
-9.57778e-18
-2.25735e-17
-5.06662e-18
-6.45582e-18
-1.00049e-17
8.78056e-16
1.33731e-16
4.55737e-16
-1.55765e-15
-5.81103e-15
-6.07429e-15
-1.17632e-13
1.20902e-13
-1.93327e-12
-5.99379e-12
-5.59949e-12
6.96882e-11
2.93447e-10
4.91955e-10
3.74627e-10
-6.23874e-09
-1.21144e-08
-8.302e-09
1.44561e-07
2.53934e-07
1.60099e-07
5.16912e-08
-5.46312e-14
2.50087e-11
1.26622e-11
)
;

boundaryField
{
    left
    {
        type            fixedValue;
        value           nonuniform List<scalar> 
60
(
1
1
1
1
1
1
0
0
0
0
0
0
0
0
0
0
0
0
0
0
0
0
0
0
0
0
0
0
0
0
0
0
0
0
0
0
0
0
0
0
0
0
0
0
0
0
0
0
0
0
0
0
0
0
0
0
0
0
0
0
)
;
    }
    right
    {
        type            zeroGradient;
    }
    bottom
    {
        type            fixedValue;
        value           nonuniform List<scalar> 
60
(
1
1
1
1
1
1
0
0
0
0
0
0
0
0
0
0
0
0
0
0
0
0
0
0
0
0
0
0
0
0
0
0
0
0
0
0
0
0
0
0
0
0
0
0
0
0
0
0
0
0
0
0
0
0
0
0
0
0
0
0
)
;
    }
    top
    {
        type            zeroGradient;
    }
    frontAndBack
    {
        type            empty;
    }
}


// ************************************************************************* //
