/*--------------------------------*- C++ -*----------------------------------*\
| =========                 |                                                 |
| \\      /  F ield         | OpenFOAM: The Open Source CFD Toolbox           |
|  \\    /   O peration     | Version:  v2106                                 |
|   \\  /    A nd           | Website:  www.openfoam.com                      |
|    \\/     M anipulation  |                                                 |
\*---------------------------------------------------------------------------*/
FoamFile
{
    version     2.0;
    format      ascii;
    arch        "LSB;label=32;scalar=64";
    class       volScalarField;
    location    "0.2";
    object      T;
}
// * * * * * * * * * * * * * * * * * * * * * * * * * * * * * * * * * * * * * //

dimensions      [0 0 0 1 0 0 0];

internalField   nonuniform List<scalar> 
3600
(
1
1
1
1
1
1
0.428572
0.0476201
1.58834e-10
-1.93332e-11
-1.93103e-11
-1.93471e-11
-2.03436e-11
-3.25328e-11
-4.09077e-11
4.68335e-10
1.6674e-09
1.55298e-09
5.34428e-10
-1.2763e-14
-5.65167e-15
-4.72138e-16
-1.36151e-17
6.2618e-16
1.16855e-16
1.5925e-16
1.59739e-16
5.93755e-17
-7.91327e-18
3.54869e-19
8.50184e-21
8.71774e-21
1.47232e-21
1.42836e-22
1.45669e-23
-5.15329e-25
-2.40135e-25
3.00575e-31
1.41658e-29
1.01721e-29
2.0237e-30
-3.82435e-38
-4.04972e-38
-1.8519e-38
-9.38603e-40
2.72263e-53
-1.07901e-51
-1.19841e-51
-9.74472e-52
-1.65098e-52
2.21152e-51
1.65411e-51
3.39657e-52
3.02968e-53
3.60205e-54
4.37508e-61
1.56172e-61
2.07025e-62
1.16858e-63
1.87104e-64
1
1
1
1
1
1
0.928576
0.496049
0.139919
-2.32239e-06
-2.32238e-06
-1.35464e-06
-6.06507e-07
-1.75935e-07
-7.45934e-08
-3.14544e-08
-4.37201e-09
1.49546e-09
8.23403e-10
1.80846e-10
-1.03275e-11
-3.97817e-12
-2.7902e-13
-5.48445e-14
-7.49909e-15
-1.77692e-15
1.74921e-16
9.85773e-17
3.32894e-17
1.39009e-18
3.08052e-19
4.10932e-21
1.08188e-21
2.34204e-22
8.7246e-23
1.49082e-23
-7.2728e-26
2.64726e-26
2.10714e-27
4.54088e-28
-9.23503e-30
4.22082e-32
1.0434e-32
-6.36222e-38
-4.27887e-38
3.55468e-38
8.61697e-39
1.93633e-41
3.58335e-43
1.07572e-43
-1.2021e-43
-8.59604e-44
-1.25267e-43
-5.00543e-44
-2.62172e-45
-4.94253e-46
-9.08692e-47
-9.9443e-48
-6.33448e-50
-5.13554e-58
1
1
0.999998
0.999998
0.999999
0.999999
0.999996
0.860179
0.50016
0.160223
1.23936e-05
-1.14511e-05
-6.7959e-06
-3.11881e-06
-1.18623e-06
-5.42229e-07
-1.36232e-07
1.20816e-08
6.15091e-09
2.04501e-09
2.87376e-10
-4.61778e-12
-2.51121e-12
-9.25872e-13
-1.43827e-13
4.63244e-14
2.71448e-14
2.60991e-15
1.28674e-17
2.01569e-18
7.998e-19
4.86788e-20
8.18906e-21
-1.63383e-22
-8.27446e-23
-2.12222e-23
1.19494e-24
2.83607e-25
5.18727e-28
-4.53103e-29
3.13802e-29
1.04631e-29
9.66621e-31
-3.69638e-35
-1.3629e-35
-1.83756e-34
-6.673e-35
-2.54874e-36
-3.07336e-38
7.71987e-39
-2.08905e-40
-7.39064e-41
3.021e-43
2.9816e-43
1.23111e-43
1.17821e-44
-9.52248e-47
-6.51318e-47
-1.73913e-47
-7.92683e-50
1
1
0.999998
0.999981
0.999982
0.999986
0.999985
0.999957
0.840411
0.500876
0.166146
0.000139275
-2.83769e-05
-2.02492e-05
-1.03782e-05
-4.71976e-06
-1.99148e-06
-6.50787e-08
-7.92156e-09
3.31774e-09
3.0058e-09
7.84785e-10
-1.59838e-11
-1.41246e-11
-6.7347e-12
-9.62265e-13
-3.33863e-14
-3.1207e-15
-9.60425e-17
-3.57612e-18
-9.89254e-19
-2.85731e-19
6.99501e-21
3.75412e-21
1.18006e-21
-8.48981e-24
-1.64486e-24
1.606e-24
6.27816e-25
6.53594e-26
-7.27557e-27
-4.43016e-27
-5.07952e-28
1.69124e-31
8.69102e-32
2.79409e-33
9.97469e-34
-7.20661e-35
-2.07647e-36
-4.91779e-37
-7.67435e-40
-1.75767e-40
-1.49404e-42
3.52906e-43
3.70688e-43
-7.75394e-43
-6.83866e-45
-1.46469e-45
-2.71146e-46
6.1316e-49
1
1
0.999999
0.999982
0.999854
0.999866
0.999894
0.999882
0.999696
0.836655
0.504168
0.169009
0.00100594
-4.33631e-05
-3.87287e-05
-2.68637e-05
-1.43231e-05
-3.55812e-06
7.66752e-08
-1.34356e-08
2.58592e-09
1.53459e-09
3.04843e-10
-2.18007e-11
-1.26692e-11
-4.46069e-12
-1.42386e-13
5.19855e-16
4.79586e-16
-1.89603e-17
-5.00033e-18
-2.67914e-19
-7.02656e-20
-1.74874e-20
1.99445e-22
-4.06879e-22
-2.76691e-22
-7.77808e-24
-1.16932e-24
3.10194e-26
3.62428e-26
-2.67592e-27
-1.42767e-27
-3.57968e-29
-8.556e-30
-2.14132e-30
5.45286e-34
8.20262e-34
1.34869e-34
1.26317e-36
-2.10767e-38
-9.85399e-39
-3.04466e-42
3.09996e-43
-2.64814e-43
5.48336e-42
6.09824e-43
-2.16397e-46
5.36231e-48
2.84844e-48
1
1
0.999999
0.999986
0.999866
0.999161
0.999265
0.99941
0.999324
0.998424
0.839354
0.511941
0.173377
0.00360099
-4.49181e-05
-4.30653e-05
-3.02303e-05
-1.34825e-05
-1.85455e-06
-6.7877e-09
8.86439e-09
6.34837e-09
6.82382e-10
8.18423e-10
-6.76283e-12
-3.90458e-12
-1.31283e-12
-9.03776e-14
3.0609e-16
1.88955e-15
1.17205e-15
2.30533e-16
-1.43868e-19
-1.11194e-19
-3.06891e-20
-2.44688e-21
1.09864e-22
1.06266e-22
2.62815e-23
1.14684e-24
-1.12805e-26
2.03197e-27
-2.68973e-28
-2.15558e-28
-1.92568e-30
-1.2166e-30
-2.27564e-31
-4.40327e-32
-8.13876e-33
4.5688e-36
2.70011e-37
5.49453e-38
-3.23672e-39
-6.06529e-40
-1.1393e-40
-2.90991e-41
1.1783e-43
-4.45569e-46
-2.10683e-46
-1.72084e-48
0.428572
0.928576
0.999996
0.999985
0.999894
0.999265
0.996287
0.996814
0.997386
0.99697
0.993567
0.845442
0.523156
0.186866
0.0141118
-4.01383e-05
-3.45141e-05
-2.04973e-05
-5.72788e-06
2.12942e-07
1.72927e-07
7.69092e-08
9.12495e-09
-4.2007e-09
4.11682e-11
8.99501e-12
-8.65199e-13
-4.50616e-13
-1.36008e-13
-1.21759e-14
3.38036e-17
-6.16755e-17
1.32572e-17
3.38965e-18
-1.56284e-20
-4.59359e-22
-4.46855e-21
-1.92357e-21
-2.61118e-22
-7.6647e-23
2.77816e-25
6.69289e-26
1.21387e-27
-1.00063e-29
-2.22604e-30
-6.81244e-31
-2.24488e-31
-1.99915e-32
-2.63714e-33
-8.64631e-37
1.83011e-37
7.90489e-38
7.75864e-39
3.663e-39
3.30079e-40
-6.98431e-42
-1.66931e-42
4.92794e-47
1.73949e-46
1.06241e-46
0.0476199
0.496047
0.860175
0.999957
0.999882
0.99941
0.996814
0.986482
0.98852
0.990469
0.988925
0.978312
0.847196
0.529509
0.208237
0.0268633
-4.43216e-05
-3.56454e-05
-1.96334e-05
-6.69094e-06
2.20363e-07
2.50629e-07
1.40229e-07
8.60689e-09
1.19578e-10
9.03141e-11
3.00239e-11
-1.49543e-12
-9.39201e-13
-2.20353e-13
-8.21529e-15
-5.84184e-17
9.25995e-18
6.6674e-18
1.51e-18
4.82544e-20
2.07677e-20
-5.67388e-22
-1.96001e-22
-7.10362e-23
-1.76566e-23
1.85868e-26
5.96621e-27
-4.70963e-30
-9.40457e-31
-6.87591e-32
-4.21796e-32
-8.19837e-33
-3.01155e-33
-2.02082e-34
-7.25841e-35
-5.3371e-36
-8.7323e-37
-1.90291e-37
9.04225e-41
-1.3195e-42
-1.81424e-42
-1.69522e-42
-6.03898e-43
9.85964e-47
6.10089e-07
0.139891
0.500126
0.840388
0.999696
0.999324
0.997386
0.98852
0.958397
0.96502
0.970408
0.965816
0.938005
0.82177
0.512574
0.21289
0.0276974
-5.36561e-05
-3.17226e-05
-1.76157e-05
-6.67838e-06
6.20229e-07
2.29866e-07
1.1206e-08
1.732e-09
8.14186e-11
4.56019e-11
9.63167e-12
8.56198e-13
1.50483e-13
3.3848e-14
1.31658e-17
9.40711e-18
6.54372e-18
2.77852e-18
1.12003e-19
2.57517e-20
6.88066e-23
-2.53978e-25
-3.65315e-24
-5.78064e-24
-5.14495e-25
-6.31986e-29
-2.4404e-29
-1.06922e-29
-6.71899e-31
1.07244e-31
5.49195e-32
3.63627e-33
1.38317e-33
-5.75662e-35
-1.85792e-35
-1.66385e-36
-3.61278e-37
-5.53329e-39
-5.67067e-40
-1.20975e-41
-5.98991e-42
-1.66542e-42
-6.32466e-44
-9.7587e-07
4.06334e-05
0.160237
0.500857
0.836641
0.998424
0.99697
0.990469
0.96502
0.890938
0.907492
0.921467
0.909932
0.851166
0.738554
0.446987
0.17961
0.0152003
-0.000167526
-0.000110724
-5.11469e-05
-1.06368e-05
1.58655e-07
1.07372e-07
5.00413e-08
3.7219e-09
2.95174e-11
3.75723e-12
4.23675e-13
9.46557e-14
2.89745e-14
7.09409e-18
7.74716e-18
4.59668e-18
2.10769e-18
2.20416e-19
1.47105e-20
3.31174e-23
-1.98778e-23
-1.2381e-23
-3.82298e-24
-1.71741e-25
-1.90585e-29
-1.62981e-29
-1.27046e-29
-5.0719e-30
-3.11666e-31
2.03957e-32
6.70404e-33
1.28829e-33
3.55199e-34
-6.99668e-37
-7.06208e-37
-2.2537e-37
-1.85886e-39
7.55663e-41
2.65674e-40
1.36943e-40
-5.1074e-43
-4.63825e-44
-4.14123e-07
-1.77381e-05
9.23153e-05
0.166229
0.504194
0.839371
0.993568
0.988924
0.970403
0.907517
0.757743
0.77777
0.815284
0.798419
0.732834
0.61209
0.348401
0.128123
0.00245913
0.000363254
-7.51481e-05
-4.21452e-05
-1.19604e-07
-8.84821e-08
1.7252e-08
-5.30511e-11
4.62569e-10
2.13018e-10
2.86523e-14
2.06884e-14
1.07906e-15
-7.8134e-16
-1.38999e-16
4.4935e-18
2.7036e-18
9.97244e-20
2.46387e-21
3.36128e-22
-1.50095e-23
-2.70701e-23
-1.71887e-23
-2.90747e-24
9.04671e-28
7.43807e-28
1.83401e-28
-1.83399e-30
-2.94274e-31
7.95126e-32
5.04919e-32
4.07043e-33
8.2592e-34
-2.85892e-36
-1.6346e-36
-2.29388e-37
-5.05504e-38
-5.06527e-39
2.7142e-40
2.07225e-40
6.39171e-41
-4.79896e-44
-5.74351e-08
-1.02639e-05
-9.47622e-05
0.000284375
0.169231
0.512111
0.845538
0.978301
0.965799
0.921426
0.777712
0.585871
0.599739
0.628123
0.637566
0.58038
0.438215
0.245105
0.066021
-0.000492216
-0.000489733
-0.000252972
-3.43264e-05
-5.41855e-08
-8.23969e-08
-4.84311e-08
-6.10567e-09
-7.76437e-10
9.85837e-15
6.75493e-15
3.6484e-16
-9.12174e-16
-4.7904e-16
-9.96675e-17
1.17759e-18
5.21964e-19
5.85191e-21
1.99135e-21
4.40508e-22
-7.24168e-24
-1.15266e-23
-5.76291e-24
8.93928e-28
7.70667e-28
6.18422e-28
2.76862e-28
1.26547e-29
2.13611e-30
3.80824e-32
-9.42806e-34
2.45436e-34
5.93915e-35
-3.90602e-37
-2.14112e-37
-1.39516e-37
-1.67168e-38
5.99032e-40
4.13193e-40
1.36411e-40
4.04879e-42
-1.579e-08
-4.46978e-06
-5.64731e-05
-0.000312559
0.00125971
0.173886
0.523705
0.847389
0.937923
0.909847
0.815367
0.600029
0.38659
0.403044
0.425898
0.442257
0.395476
0.269076
0.138609
0.0254908
-0.000519934
-0.000447807
-0.000169868
-1.49502e-06
1.72522e-07
7.34588e-08
-2.66733e-09
-1.19635e-09
1.40546e-11
9.13656e-12
2.04641e-12
2.76923e-13
-9.24414e-16
-2.7041e-16
-8.85592e-18
1.30462e-20
1.08966e-20
8.21243e-21
3.72212e-21
4.87892e-22
-2.61369e-24
-2.4587e-24
-7.40843e-25
6.62231e-28
7.93624e-28
3.7812e-28
3.21515e-29
7.5471e-30
4.94396e-32
-7.88723e-34
2.76673e-36
-5.86834e-36
-2.17106e-36
-8.28786e-37
-3.1748e-37
-9.93603e-39
-3.08838e-39
-3.88449e-40
4.3105e-41
8.33343e-42
4.33023e-08
-1.39067e-06
-2.51987e-05
-0.000188236
-0.000748644
0.0039775
0.188048
0.530148
0.821834
0.850935
0.798295
0.62838
0.40307
0.197572
0.219822
0.252947
0.271377
0.235458
0.146141
0.0672275
0.00791029
-0.000411723
-0.000294376
-6.4108e-05
3.5019e-07
1.28554e-08
-1.5064e-08
-2.85991e-09
-8.54505e-11
-1.79274e-11
1.24526e-12
1.94977e-13
4.62394e-14
5.44477e-17
3.04982e-17
-5.71138e-20
-2.56145e-20
7.41654e-21
5.90819e-21
2.13586e-21
-2.22071e-23
-2.06392e-24
-6.63538e-25
-1.86684e-25
-1.53308e-26
-2.55832e-28
9.34037e-30
4.01595e-30
1.76041e-30
2.19871e-31
2.66179e-33
1.02842e-33
-1.45008e-36
-5.67353e-37
2.43132e-38
1.04409e-37
1.23982e-38
1.48587e-39
2.54466e-40
8.04288e-42
2.20574e-08
3.5344e-07
-7.59957e-06
-8.51872e-05
-0.000481457
-0.00130697
0.0143101
0.209447
0.513059
0.738389
0.732543
0.635752
0.426046
0.221846
0.0543441
0.06894
0.119767
0.137858
0.118368
0.0675517
0.0272188
0.00158716
-0.000239221
-0.000119641
-1.07488e-05
-7.19382e-07
-1.07905e-08
-1.70718e-09
-3.97205e-10
-2.91249e-11
-1.19747e-12
-9.73433e-14
-1.39009e-14
-3.63848e-15
1.52698e-17
3.66493e-18
1.55389e-20
2.18004e-22
3.02396e-21
1.57543e-21
8.6349e-23
2.76538e-23
-1.48434e-25
-9.62446e-26
-2.86359e-26
-2.06538e-27
-3.82608e-28
3.09498e-30
1.57872e-30
1.42668e-31
1.15868e-32
1.08774e-33
4.92882e-35
4.64757e-36
-1.85902e-36
-5.39891e-37
3.41746e-39
1.00924e-39
-2.82967e-40
-1.55118e-40
6.63507e-09
2.40082e-07
1.57099e-06
-2.31947e-05
-0.000224899
-0.000974153
-0.00164086
0.0265254
0.213519
0.447451
0.610738
0.578883
0.441705
0.256107
0.0725565
0.00870728
0.00290405
0.0292442
0.0535884
0.0475468
0.0260884
0.00984704
0.000285518
-4.75566e-05
-1.81667e-05
-7.38572e-07
-6.09842e-08
-6.15306e-10
-1.83521e-10
1.34583e-12
1.94321e-12
2.03839e-13
-2.31374e-14
-1.06588e-14
-1.23877e-15
-4.31487e-17
-1.27871e-20
-2.73622e-20
-1.03048e-20
8.20336e-22
4.43915e-22
2.52818e-23
3.11756e-25
-3.48462e-26
-5.40174e-27
1.10501e-28
-4.36868e-28
-2.69074e-29
-9.42072e-32
-5.71828e-32
4.3001e-33
5.62232e-34
1.76924e-34
-4.44371e-36
-1.56423e-36
-7.21566e-38
-1.29355e-38
1.9677e-39
2.49801e-40
-9.64106e-41
1.55834e-09
1.31345e-07
9.79277e-07
3.83673e-06
-6.04176e-05
-0.000436182
-0.00144277
-0.00150264
0.0273085
0.180177
0.350947
0.435853
0.394238
0.271137
0.120795
0.00873561
0.00131807
0.000425573
0.00535665
0.0142213
0.0157382
0.0096539
0.00281618
-1.28067e-05
-9.97047e-06
-1.15974e-06
-6.14104e-08
-3.42821e-09
-8.82937e-10
-8.41847e-11
5.17745e-12
2.75494e-12
3.75528e-13
-3.32191e-15
-1.7375e-16
1.75701e-16
-7.96519e-20
-7.01864e-20
-4.61299e-20
-1.14583e-20
2.07105e-22
6.25889e-23
1.23648e-24
4.8806e-25
-7.33671e-26
-1.93082e-26
-3.40453e-28
-2.02659e-28
-1.86842e-30
-1.6196e-33
-1.3429e-32
-3.24836e-33
-8.5106e-35
-1.13932e-34
-2.51149e-35
4.55477e-37
2.58685e-37
4.88902e-38
4.04549e-39
4.02059e-40
-2.14303e-09
5.54542e-08
4.79625e-07
2.8172e-06
5.13663e-06
-0.000136828
-0.000792621
-0.00137062
-0.00133484
0.0158508
0.13027
0.24746
0.268363
0.235223
0.139614
0.0315739
0.00148845
0.000963087
0.000678741
0.000145626
0.00386257
0.0052664
0.00287641
0.00066559
-4.04754e-06
-1.52555e-06
-1.88798e-07
-2.14286e-09
-7.87061e-10
-3.5153e-10
-3.64799e-11
1.42014e-12
-5.70913e-13
9.04237e-15
5.11274e-18
1.51523e-16
8.41755e-17
2.38988e-18
-2.77586e-20
-1.92823e-20
-5.25196e-21
2.93763e-23
1.14681e-24
7.017e-25
5.39631e-25
9.71658e-26
1.94899e-26
2.42555e-27
-1.17097e-29
-7.17512e-31
-2.51863e-31
-7.936e-33
3.62248e-34
-4.37432e-34
-1.38663e-34
-1.82882e-35
-1.69879e-38
2.22678e-38
9.11651e-39
5.15429e-40
-3.09945e-09
3.23984e-09
1.45134e-07
1.37804e-06
3.71541e-06
8.85275e-06
-0.000204966
-0.000761234
-0.00114895
-0.00139313
0.00493788
0.0705005
0.139599
0.146458
0.119666
0.054712
0.00566633
0.000872168
0.000540005
0.000225611
5.96623e-06
0.000958767
0.00157602
0.000854414
0.000170101
-1.53283e-07
-8.90269e-08
1.27458e-09
6.88647e-10
-1.05034e-10
-3.20366e-11
-9.85181e-12
-3.39331e-12
-1.19349e-13
-5.31252e-15
-9.79227e-16
2.17276e-17
8.58197e-18
-2.74873e-19
-6.05218e-20
-1.38973e-20
-3.73942e-21
-1.70772e-22
-4.45958e-24
-2.88382e-24
3.73472e-26
1.41514e-26
5.32276e-28
1.06024e-28
2.30059e-29
4.60711e-30
2.22989e-31
4.22901e-32
8.9663e-33
1.0438e-33
1.3515e-34
9.62895e-37
5.86374e-39
4.32878e-39
1.32667e-39
-7.3509e-10
-2.53174e-09
-1.93057e-08
2.39643e-07
1.21356e-06
6.02931e-06
4.87651e-06
-0.000131213
-0.000540458
-0.000635431
-0.000177275
-0.000194133
0.0263078
0.0673515
0.0683745
0.0479584
0.0151075
0.000223605
0.000280549
0.00018174
4.90724e-05
1.69241e-06
0.000334531
0.000454082
0.000235601
3.87225e-05
-2.85823e-08
-8.59559e-09
4.11235e-10
1.51698e-10
1.94069e-11
7.94742e-12
6.26418e-13
8.13689e-14
4.06123e-15
-6.39906e-17
-1.51935e-17
5.73662e-18
1.61501e-18
5.10512e-20
2.2038e-21
-5.78842e-22
-1.29488e-22
-6.58057e-23
-8.31265e-24
1.47366e-26
7.47258e-27
8.41624e-29
7.35291e-29
7.04674e-30
3.12205e-30
6.09652e-31
8.06632e-33
3.29846e-33
5.9173e-34
1.73975e-34
9.77393e-37
-9.78214e-39
-6.6546e-39
-8.46431e-40
-1.91425e-13
-1.19268e-09
-1.15723e-08
-4.75964e-09
4.55718e-10
1.08069e-06
2.37147e-06
1.1925e-06
1.0246e-06
-6.26014e-05
-5.74944e-05
-0.000176886
-0.000182998
0.00829326
0.0264856
0.0266671
0.0147282
0.00385338
2.13263e-06
4.29919e-05
3.18272e-05
9.84951e-06
1.46017e-06
8.11219e-05
0.000117678
5.69017e-05
7.5789e-06
-1.37768e-09
-1.02257e-09
-3.82687e-10
-1.00241e-11
1.4657e-11
6.06496e-12
-5.93847e-14
-3.11841e-14
-4.99102e-15
-8.3613e-19
7.16276e-19
8.12011e-19
2.4978e-19
2.23254e-20
2.45903e-21
-8.93889e-23
-6.48147e-23
-1.99425e-23
1.29437e-27
-8.58018e-28
-8.80693e-28
-7.18115e-29
2.86451e-30
2.20127e-30
7.64635e-31
1.48457e-32
-1.73615e-33
-8.26883e-34
6.09531e-35
-1.47915e-36
-5.34928e-38
4.03861e-38
1.53505e-38
-9.04883e-17
-3.9696e-10
-1.18873e-09
-1.88429e-09
1.17701e-10
4.02639e-09
1.07594e-07
6.93154e-07
7.00717e-07
-1.82177e-06
-2.86599e-05
-0.000102451
-0.000148545
-0.000242827
0.00186251
0.00876418
0.00888897
0.00513611
0.00127841
7.68001e-07
5.60854e-06
4.98877e-06
2.63157e-06
4.2391e-07
1.58047e-05
2.52428e-05
1.13503e-05
9.89337e-07
-1.10998e-09
-9.22657e-10
-3.32475e-10
1.36147e-11
9.13202e-12
2.08544e-12
-2.12381e-14
-1.00892e-14
-8.52195e-16
7.35575e-20
1.41131e-19
7.99385e-20
3.55378e-20
7.974e-21
8.95103e-23
-2.65979e-23
-1.15373e-23
-4.45774e-24
-4.22776e-27
-2.295e-27
-5.55606e-28
1.12292e-30
-1.26092e-30
-1.65141e-32
6.63374e-32
1.10243e-32
-3.82155e-34
-1.11599e-34
-1.45218e-35
-3.33675e-36
-3.31517e-37
-3.77761e-38
-9.7841e-15
-2.31665e-13
-1.27031e-10
-3.55224e-10
-1.00716e-10
-2.15464e-09
5.28483e-09
1.69482e-07
4.43017e-07
2.84278e-07
-7.20613e-07
-1.80018e-05
-4.7566e-05
-0.000148805
-0.000124773
0.000125935
0.00237179
0.00294389
0.00165385
0.000369741
1.9526e-07
4.43684e-07
8.15332e-07
3.7322e-07
5.00696e-07
2.3005e-06
4.43084e-06
1.82429e-06
1.4784e-07
-8.34626e-10
-5.91996e-10
-1.53439e-10
6.57981e-12
3.62261e-12
6.64822e-13
-6.44081e-15
-2.63359e-15
-2.02666e-16
-9.60319e-19
-4.101e-19
-3.26256e-20
-6.81576e-21
1.082e-22
5.08683e-23
5.10143e-24
-2.01896e-24
-6.85357e-25
-1.16805e-27
-5.4144e-32
4.95475e-29
5.99579e-30
1.70704e-31
8.86622e-32
2.01076e-32
4.06422e-34
1.08569e-34
2.02651e-35
2.88613e-37
-2.72275e-37
-6.76937e-38
-7.63285e-15
-3.40877e-13
-5.01341e-12
-9.53339e-11
-2.09268e-11
-5.62862e-10
2.58725e-10
-4.92735e-10
6.99549e-08
1.79905e-07
1.4591e-07
3.02648e-07
1.72685e-08
-1.66425e-05
-5.06743e-05
2.20549e-05
-3.39874e-07
0.000698017
0.000913059
0.000495171
9.74624e-05
-1.81649e-08
1.06323e-08
1.40757e-07
1.59208e-07
1.18819e-07
3.0903e-08
5.80958e-07
2.44619e-07
1.65111e-08
-4.90602e-10
-2.92811e-10
-6.56801e-11
2.3617e-12
1.19032e-12
1.81345e-13
-3.90191e-16
-7.33667e-17
-1.01469e-17
-2.048e-18
9.07119e-20
1.58223e-23
3.37589e-23
3.5147e-23
1.9145e-23
-7.16892e-25
-2.84426e-25
-6.42685e-26
-1.78209e-27
7.84813e-29
9.02194e-30
3.92782e-30
7.26511e-32
1.65168e-32
1.12158e-33
-3.06666e-35
-3.37754e-35
-6.75381e-36
-8.34934e-38
-1.12103e-38
8.80002e-15
-2.12069e-13
-1.67429e-12
-8.09285e-12
-2.18885e-11
5.22525e-11
5.69196e-11
1.2704e-10
1.46767e-09
6.1266e-08
2.30377e-07
2.71405e-07
1.37411e-07
5.04106e-08
-4.55654e-06
-1.23932e-06
4.44829e-07
3.67044e-07
0.000193712
0.000263478
0.000136679
2.24528e-05
3.87314e-08
6.44694e-08
6.95982e-08
5.46594e-08
2.32263e-08
5.51183e-13
6.7777e-08
2.52315e-08
4.8274e-09
-2.12819e-10
-1.15948e-10
-2.07311e-11
7.59826e-13
3.702e-13
3.37707e-14
-1.75204e-15
-8.27788e-16
3.09482e-17
-5.28047e-19
1.50731e-22
1.09929e-22
2.82186e-23
9.37932e-24
3.49362e-24
-8.55012e-25
-6.45588e-26
-2.21345e-26
-4.59734e-27
-1.5181e-28
2.39186e-30
1.04254e-30
7.88978e-32
-5.08712e-33
1.60146e-33
1.10652e-34
-2.42076e-36
-9.34741e-37
-1.48852e-37
7.8787e-15
-1.3717e-13
-1.28609e-13
-1.1365e-13
-7.45621e-12
7.64037e-12
1.35811e-11
9.67086e-12
3.48237e-10
5.6424e-09
7.07873e-08
1.50121e-07
9.38484e-08
2.58375e-08
-3.38632e-07
-3.09837e-07
4.86452e-07
4.36704e-07
1.71124e-07
4.84267e-05
6.90568e-05
3.27775e-05
3.99832e-06
-2.5392e-08
1.87327e-09
1.00151e-08
2.55168e-09
4.06756e-11
-2.56232e-12
4.81899e-09
2.93425e-09
5.78738e-10
-7.52482e-11
-3.67283e-11
-4.77702e-12
2.08004e-13
8.41399e-14
6.61759e-15
-4.46574e-16
-1.29808e-16
-8.14397e-19
-4.68458e-19
-7.14723e-20
-1.46433e-20
-1.80619e-21
1.70258e-24
3.82998e-24
1.53361e-25
2.17192e-26
-3.26319e-28
-1.17609e-28
-6.8786e-31
6.14546e-31
2.76668e-31
5.34593e-32
2.99515e-33
2.70844e-34
1.54348e-35
3.62741e-36
-8.84159e-38
1.44638e-15
-4.0975e-14
-4.22254e-14
-2.74564e-14
-4.73492e-13
1.0976e-12
1.41699e-12
2.32228e-12
1.6823e-12
-1.52743e-09
-1.69903e-09
2.07782e-08
4.90732e-08
3.21554e-08
-7.01893e-08
-7.76947e-08
2.32534e-07
3.3005e-07
2.01755e-07
6.00764e-08
9.49737e-06
1.54217e-05
6.57113e-06
2.53501e-07
5.27149e-08
1.55454e-08
6.27489e-09
3.6217e-10
3.15492e-11
-1.49438e-12
5.73101e-10
3.56599e-10
7.32264e-11
-1.92967e-11
-8.82954e-12
-8.92767e-13
5.06506e-14
1.68482e-14
5.34486e-16
1.64034e-18
8.7899e-18
2.15905e-18
1.17046e-19
-3.56664e-21
-1.00556e-21
-2.03283e-22
-2.92321e-23
-1.36419e-24
7.79792e-29
-1.87482e-27
-7.80619e-28
-5.41061e-30
1.6845e-31
2.01732e-31
8.0149e-32
-5.10479e-33
6.92575e-34
1.54083e-35
4.46669e-36
8.20834e-38
6.22622e-17
2.21479e-16
-2.37239e-15
-5.88502e-15
-1.84637e-15
6.82521e-14
1.31912e-13
1.62871e-13
1.19173e-12
-2.67778e-10
-8.09591e-10
-4.2771e-10
8.04378e-09
1.76053e-08
-8.21176e-09
-3.02453e-08
-3.96098e-09
1.01244e-07
1.24415e-07
6.89576e-08
1.63387e-08
1.53647e-06
2.69034e-06
8.7444e-07
9.0795e-09
1.08111e-09
1.82736e-09
2.85112e-10
1.54785e-10
2.31575e-11
-5.77188e-14
7.12261e-11
4.51263e-11
8.03131e-12
-4.18608e-12
-1.88887e-12
-1.84346e-13
-2.71095e-15
-1.42612e-15
1.85151e-17
5.16647e-18
1.82078e-18
6.1442e-19
-9.15301e-22
-3.57668e-22
-1.12432e-22
-1.82264e-23
-5.39157e-25
-3.44381e-27
-2.75105e-27
-6.80667e-28
-1.54535e-28
1.1591e-30
1.16763e-31
7.34988e-32
1.01141e-32
-1.28022e-33
2.0391e-36
-2.94542e-37
-2.10557e-37
1.70685e-18
1.33412e-16
-1.70798e-16
-1.74415e-16
1.16451e-15
-3.55309e-14
-2.96444e-14
-1.54477e-14
1.77735e-13
-5.2113e-11
-4.4001e-11
-1.33505e-10
-2.99221e-11
1.9684e-09
8.13834e-10
3.16028e-10
-1.93951e-09
-9.20692e-10
3.27888e-08
3.87418e-08
2.08869e-08
-4.30407e-09
7.37292e-08
2.84229e-07
8.55014e-08
-1.57642e-09
-1.2552e-09
-2.87861e-10
9.88377e-11
4.68219e-11
1.59615e-12
2.26779e-13
9.10027e-12
5.30384e-12
7.06896e-13
-8.62933e-13
-3.44427e-13
-1.23737e-15
-6.3895e-16
-1.30686e-16
2.73392e-18
1.29278e-18
-5.8639e-20
-3.74026e-22
-2.26286e-22
-3.43153e-23
-1.10016e-23
-1.22475e-24
-1.4519e-25
7.95107e-28
-9.6335e-29
-1.04225e-28
-6.77801e-30
-1.81456e-31
3.03467e-32
7.49524e-33
1.73662e-33
3.57251e-34
5.661e-35
-6.37937e-37
2.2354e-18
1.61464e-17
-7.09052e-17
-7.9845e-17
6.80541e-16
1.37525e-15
-1.26859e-14
-8.44963e-15
-7.41291e-14
-9.78465e-12
-9.93548e-13
-2.00386e-12
-8.01923e-12
5.29323e-12
3.15817e-10
1.70475e-10
-9.56472e-11
-4.29674e-10
-2.41492e-10
8.58415e-09
1.06965e-08
4.31806e-10
2.03784e-08
8.20656e-09
2.94061e-08
7.61673e-09
-8.42801e-10
-4.79333e-10
-8.76738e-11
2.39733e-11
5.55663e-12
7.00876e-13
1.40766e-13
1.1219e-12
5.58559e-13
5.57077e-14
-1.45565e-13
-4.411e-14
-2.7365e-16
-5.32569e-17
-3.44956e-18
2.42507e-19
9.75837e-20
-1.44092e-22
-9.33703e-23
-4.71367e-24
-2.95172e-24
-2.35082e-25
-4.08287e-26
-4.35047e-27
-5.32725e-29
-4.66337e-29
-7.42448e-30
-4.51332e-31
2.12934e-33
-3.14771e-33
-5.45494e-34
8.57922e-35
2.34928e-35
3.4203e-36
4.05933e-19
3.45496e-19
-1.94855e-17
-5.08838e-17
1.22219e-16
8.04288e-16
-2.45774e-15
1.7098e-15
3.23675e-13
-2.05382e-12
-4.48389e-13
-2.25449e-13
-2.31169e-13
-2.004e-13
2.31029e-11
7.31006e-11
3.97628e-11
-7.99436e-11
-1.3257e-10
-8.91267e-11
2.46809e-09
1.33615e-09
9.12027e-10
1.35083e-10
1.48412e-09
2.62235e-09
6.21132e-11
-2.60426e-10
-1.32668e-10
-3.01276e-11
1.69154e-12
6.1114e-13
1.4414e-14
-1.03666e-14
1.60832e-13
6.33775e-14
2.03658e-14
-1.67741e-14
-5.3917e-15
-1.04319e-16
9.34697e-18
-2.46584e-19
2.20449e-20
5.29337e-21
-1.63308e-22
-4.60176e-23
-1.00737e-25
-6.08953e-26
-1.05078e-28
2.26047e-27
9.73703e-29
9.23143e-31
-1.81742e-30
-2.48699e-31
-1.10699e-31
-9.25189e-33
-9.59165e-34
-2.42865e-35
-4.88772e-36
3.93428e-38
7.56958e-20
6.3714e-20
-1.381e-19
-5.18842e-18
5.92052e-18
6.58803e-17
2.60541e-15
-1.47803e-14
7.16513e-14
-4.37995e-13
-7.4201e-14
-4.76246e-15
1.18629e-14
-9.85598e-14
-8.56608e-14
3.35613e-12
1.735e-11
9.8708e-12
-2.88759e-11
-5.02508e-11
-3.32912e-11
2.60802e-10
4.96561e-10
2.23035e-10
2.30095e-11
4.97608e-10
2.01305e-10
-2.07092e-11
-6.66129e-11
-3.16863e-11
-2.37305e-12
2.14813e-13
5.88747e-14
-6.09654e-15
-6.78224e-15
1.92824e-14
7.25669e-15
1.59128e-15
-1.59089e-15
-4.5392e-16
-3.24259e-17
-6.1553e-18
-1.43752e-18
1.32465e-21
4.19489e-22
-1.21891e-23
-3.14319e-24
-2.84666e-26
-1.15655e-26
-7.15467e-29
-1.16819e-28
1.85335e-30
1.0506e-30
2.66937e-31
-5.84854e-32
-1.84749e-32
-2.1525e-33
-4.14656e-34
-8.98577e-35
-9.64189e-36
1.37934e-22
6.58035e-21
-2.00349e-20
-1.18476e-18
1.36411e-18
1.53375e-18
6.7082e-18
-2.95207e-16
9.45393e-15
2.82397e-15
1.10274e-14
3.79535e-15
5.76486e-15
-2.79526e-14
-6.05067e-14
-4.65739e-14
2.57381e-12
4.85795e-12
2.83766e-12
-1.05703e-11
-1.84622e-11
-1.2509e-11
7.24672e-11
1.10138e-10
4.60536e-11
7.1367e-12
6.65904e-11
2.77397e-11
-4.92314e-12
-1.44372e-11
-5.95375e-12
-2.23951e-14
9.04448e-15
1.02256e-15
-2.702e-15
-1.56253e-15
2.42748e-15
1.01959e-15
5.23563e-16
-1.33646e-16
-4.85037e-17
-1.86522e-18
-3.28668e-19
-9.31631e-20
1.8405e-22
5.58401e-24
-7.67355e-25
2.71278e-26
2.99651e-27
2.88447e-28
-6.88113e-29
-2.43556e-29
1.49228e-30
1.00677e-30
2.02127e-31
-4.07508e-33
-1.46316e-33
-1.38572e-34
-3.30269e-35
-5.13926e-36
-2.98606e-24
-2.53222e-22
-1.80791e-22
3.40145e-21
1.95008e-19
2.22443e-19
2.14516e-18
9.22691e-19
-2.49615e-18
-5.08447e-18
-2.94236e-17
-2.96123e-17
1.77361e-15
1.19574e-15
-1.13778e-14
-2.74357e-14
-2.12258e-14
8.1186e-13
1.36298e-12
8.94816e-13
-2.82513e-12
-5.89694e-12
-3.99984e-12
9.42784e-12
2.17559e-11
1.0747e-11
2.46342e-12
9.64456e-12
4.28014e-12
-8.52563e-13
-2.48977e-12
-7.97736e-13
4.96351e-16
-5.00489e-17
-4.13034e-16
-3.97331e-16
-8.59095e-17
1.20036e-16
2.13391e-16
6.43966e-17
-1.05483e-17
-3.94373e-18
-3.02408e-19
-1.65229e-21
-3.09248e-22
-8.26302e-23
1.27343e-25
9.60516e-26
1.42714e-26
3.00978e-28
-8.28241e-29
-5.63429e-29
-1.06657e-29
-1.93862e-31
7.17053e-32
2.25253e-32
-7.23131e-34
-3.62059e-35
-1.78272e-35
-2.87532e-36
-5.59885e-25
-9.0942e-23
4.51805e-23
-8.6206e-22
-6.10024e-21
2.01874e-21
3.92416e-20
5.35243e-19
4.95452e-19
-3.10292e-18
-8.29282e-18
-1.52375e-17
1.04394e-16
3.25816e-16
2.84743e-16
-9.08801e-15
8.10726e-16
-6.88227e-14
2.05182e-13
2.75276e-13
5.49028e-14
-2.20728e-13
-1.18168e-12
-1.13797e-13
5.99602e-13
2.00221e-12
8.23275e-13
6.35161e-13
1.55044e-12
6.44903e-13
-8.34204e-14
-3.15304e-13
-9.34938e-14
-9.51266e-17
2.93297e-17
-1.0805e-16
-1.05612e-17
-6.75196e-19
1.34442e-17
2.64622e-17
8.84384e-18
-1.97958e-18
-1.52915e-19
-4.87855e-20
1.8194e-22
7.87712e-23
1.95129e-25
8.78806e-26
8.97239e-27
5.3638e-28
6.55083e-29
-7.70648e-29
-2.29876e-29
-1.21564e-30
-7.38354e-33
9.25282e-33
3.04917e-33
1.67113e-35
-1.80259e-36
-4.04576e-39
-1.14296e-25
-3.35264e-26
5.04543e-23
-3.03118e-22
-3.90332e-21
7.35296e-22
1.28616e-21
1.54636e-19
3.39233e-19
-1.99698e-19
6.27502e-20
-8.70015e-19
1.99594e-20
2.94992e-18
1.6981e-16
-1.66495e-17
-1.46372e-15
-1.32294e-15
8.99237e-16
8.5275e-16
-1.42349e-15
-1.37033e-15
-3.33302e-14
-1.20259e-14
8.28425e-15
2.13693e-15
5.98267e-14
6.33488e-14
3.56347e-14
2.03476e-13
7.43743e-14
-7.20652e-15
-3.10954e-14
-8.64908e-15
-9.97568e-18
-4.43573e-17
-1.04784e-18
6.88806e-19
6.18672e-19
8.14442e-19
2.71004e-18
7.97858e-19
-1.13342e-20
-1.99131e-20
-5.11687e-21
-1.00692e-22
-2.31262e-23
-5.31634e-24
-2.20736e-25
-5.7766e-26
6.08601e-28
2.98141e-28
-9.72769e-30
-1.35257e-30
-6.94742e-31
-8.96717e-35
1.17967e-33
3.89875e-34
5.87806e-35
1.04291e-36
-1.49073e-26
-4.47769e-27
1.43276e-23
-1.08609e-25
-8.78449e-22
4.60468e-22
6.69002e-22
-3.52188e-23
6.61971e-20
-9.61759e-21
1.00506e-20
-1.37329e-20
8.06051e-19
-9.58902e-19
3.21201e-17
2.54429e-17
-1.89249e-16
-5.6092e-16
-2.6867e-16
2.68596e-16
9.42829e-17
-2.93984e-16
-5.39248e-16
-1.14602e-16
2.68126e-15
1.82367e-15
1.97294e-17
1.70093e-14
1.56714e-14
1.86687e-17
2.41733e-14
1.772e-15
2.31202e-15
-2.38591e-15
-5.74825e-16
-1.87597e-17
-3.3686e-18
7.20047e-19
6.49496e-20
5.44761e-20
1.60479e-19
1.05635e-19
2.07495e-20
-1.74298e-21
-1.81078e-21
-5.40541e-22
-1.34179e-23
-5.34741e-24
-9.82121e-26
-4.19209e-26
-2.13975e-27
1.27229e-28
4.24583e-29
3.64622e-30
-5.6723e-31
-8.99861e-35
-4.4356e-35
-2.10869e-34
-3.88165e-35
8.93222e-37
5.34176e-34
4.65478e-34
-1.07884e-27
-5.12505e-27
-8.18674e-24
2.14768e-23
1.72742e-22
-1.21017e-23
4.0053e-22
1.36047e-21
5.65456e-21
2.1276e-21
4.3254e-19
-3.9184e-19
6.08527e-19
1.3882e-17
4.02249e-18
-1.06348e-17
-5.62308e-17
3.92264e-17
6.71014e-17
-7.76315e-18
-1.78743e-16
-1.88509e-16
1.97657e-16
7.27207e-16
2.28798e-16
-7.65006e-18
4.65303e-15
1.43393e-15
3.71986e-17
5.83889e-16
1.34823e-15
6.0692e-16
-1.01675e-16
-1.46583e-17
-7.47226e-18
-1.21362e-18
1.32737e-21
2.20695e-20
1.45518e-20
4.49954e-20
2.07642e-20
2.93588e-21
-1.94034e-22
-8.15024e-23
-8.88184e-24
1.09157e-25
-8.64276e-26
-8.95993e-27
-2.35757e-27
5.36654e-29
2.69575e-29
1.7949e-30
6.29641e-31
2.11745e-32
4.23095e-33
1.05312e-33
1.36129e-34
-2.94193e-39
5.70844e-36
2.63456e-34
-9.15583e-28
-8.06272e-27
-1.12105e-26
1.03961e-23
3.7712e-23
6.56969e-24
1.26676e-22
4.21981e-22
2.73045e-22
8.37457e-22
4.30873e-20
7.17262e-21
-2.52572e-19
2.29835e-18
9.63496e-19
1.95378e-18
-1.19631e-17
-2.40165e-18
1.25942e-17
5.11932e-18
-4.10541e-19
-6.57445e-17
2.39291e-17
2.44888e-18
8.67071e-17
1.92844e-17
-7.39608e-17
4.16976e-16
1.77341e-16
1.71209e-17
2.51161e-16
3.21799e-16
1.60751e-16
1.76627e-17
-3.87893e-18
-1.64923e-18
-7.49136e-22
1.83729e-21
3.12914e-21
7.92036e-22
7.48817e-21
3.06562e-21
2.78469e-22
-1.86383e-23
-5.71246e-24
-2.27168e-24
-1.53486e-25
-5.09009e-27
-2.1183e-27
-6.04607e-28
-4.69177e-29
9.52195e-31
4.53776e-31
1.99039e-32
6.04413e-33
2.48095e-33
4.77138e-34
8.03881e-36
-8.12296e-36
3.35883e-35
-4.53342e-28
-6.1227e-27
-3.83539e-27
2.66834e-25
1.92464e-25
7.45555e-26
-4.11706e-25
-1.24724e-24
3.21032e-23
6.33777e-23
-4.98641e-23
-1.95851e-22
-4.4e-20
2.32941e-19
3.51376e-19
6.7363e-19
-2.04387e-18
-1.22329e-18
-5.87103e-19
1.57225e-18
-1.08148e-18
-8.38226e-18
-5.92822e-18
-1.94896e-18
-8.37606e-19
1.03741e-17
-1.32352e-17
2.86262e-19
2.99116e-17
9.84188e-18
-2.53225e-18
4.06573e-17
6.80091e-17
2.99938e-17
2.48589e-18
-6.94526e-19
-2.26065e-19
1.74005e-21
6.10223e-22
3.15429e-22
-5.50857e-22
1.0752e-21
3.8404e-22
1.16926e-22
8.39546e-24
3.64679e-26
1.66642e-26
1.42912e-26
1.24821e-28
-3.04129e-28
-1.2585e-28
-9.42422e-30
1.79563e-31
6.05115e-32
-7.40177e-35
-1.4279e-33
1.56173e-34
5.34824e-36
-5.858e-36
6.36026e-35
2.69514e-30
-1.08174e-27
1.46588e-27
5.98808e-26
1.27603e-26
7.39532e-27
-2.0885e-25
-4.68696e-25
-4.24077e-26
8.93868e-24
-2.88058e-23
-9.80562e-23
-5.55894e-21
1.19417e-21
-5.21947e-24
1.11515e-19
-5.31245e-19
2.20842e-20
-1.96434e-19
2.1616e-20
-2.3742e-19
-1.76392e-19
-1.17281e-19
-4.22753e-19
-2.55474e-19
9.09206e-21
-3.357e-18
-6.30245e-19
1.15183e-20
8.98669e-21
1.17724e-18
8.8962e-19
1.95407e-18
1.04927e-17
4.43434e-18
3.0178e-19
-9.56065e-20
-3.06756e-20
-1.77621e-21
1.33259e-22
2.64271e-23
1.36074e-23
6.20668e-23
5.51529e-23
2.14214e-23
1.00022e-25
2.52335e-26
1.10782e-26
1.00807e-27
2.32633e-28
5.5345e-29
8.96614e-30
-1.3254e-31
2.3536e-32
4.74995e-33
2.04149e-33
5.02379e-36
2.00841e-36
-1.64012e-36
3.50113e-35
-1.11302e-30
-4.26223e-30
9.70259e-28
5.49174e-28
3.70538e-27
-1.32639e-26
-5.85468e-26
-4.74401e-26
-3.81283e-26
1.7639e-24
8.78931e-25
-8.94612e-23
-6.9578e-22
1.13325e-21
6.46269e-22
-4.15665e-22
2.18212e-21
8.91153e-22
-1.38419e-22
-1.13218e-22
8.96745e-22
-2.77079e-21
-2.65169e-20
-8.17257e-21
-6.09233e-20
-1.51666e-20
2.97402e-20
-1.14464e-19
-3.66805e-20
2.39681e-21
1.45409e-20
2.74737e-19
5.71605e-19
-3.21662e-21
1.43492e-18
6.02545e-19
4.12747e-20
-1.3991e-20
-4.70194e-21
3.08635e-23
2.20732e-23
4.42016e-24
7.13083e-25
1.28772e-25
6.33657e-24
1.90648e-24
-5.94268e-27
1.04539e-28
2.14006e-28
8.80851e-29
8.00703e-31
1.47022e-30
1.86898e-31
-3.15991e-32
1.33513e-33
-1.90115e-35
7.59852e-36
2.91325e-36
-4.57515e-45
1.33366e-36
-4.94673e-32
-2.5555e-30
8.34058e-29
5.26459e-28
7.57161e-28
-5.11415e-27
-1.60602e-26
-2.70753e-26
-2.56437e-26
1.38561e-26
-1.05712e-26
-4.73328e-23
-3.31822e-23
1.02199e-22
3.17208e-22
2.12721e-23
-1.13751e-23
-3.44443e-23
-3.25927e-23
-6.88007e-23
4.59346e-22
-5.08728e-22
-1.44289e-23
-1.08554e-23
-1.63071e-23
-3.66761e-21
-4.61343e-22
-1.00608e-20
-9.08174e-21
1.11526e-21
-1.67749e-22
3.67002e-21
1.5228e-19
3.56375e-20
-8.03522e-22
1.9309e-19
8.01973e-20
3.82442e-21
-1.68499e-21
-5.03416e-22
1.54906e-23
5.68447e-24
5.54008e-25
1.05049e-25
1.99056e-26
5.72149e-25
1.72069e-25
8.79887e-27
-2.79987e-30
9.3561e-30
6.80313e-31
1.98649e-31
6.45552e-32
5.01136e-33
-8.75868e-34
-5.90127e-35
-1.31512e-35
4.06543e-38
-9.76711e-46
-1.65008e-36
1.07736e-32
-8.37606e-31
-5.13452e-31
1.14956e-28
3.47974e-28
1.58464e-28
-8.83662e-28
-5.84793e-27
-9.9258e-27
-4.40067e-27
5.76588e-26
2.93869e-25
-1.54874e-23
5.76392e-24
9.98655e-24
1.27489e-23
-4.31987e-24
-9.24708e-24
-3.11146e-24
-3.02389e-24
2.12526e-24
-9.03423e-23
-9.00398e-23
-4.5263e-23
2.81359e-24
-4.98945e-22
-4.06394e-22
-2.29966e-21
-5.99517e-22
1.27794e-22
2.43233e-23
8.4972e-22
1.05e-21
8.55014e-21
1.58639e-21
5.79951e-22
2.15477e-20
7.77445e-21
3.01261e-22
-1.83849e-22
-5.83196e-23
1.47575e-24
1.18833e-25
4.63994e-26
4.13649e-27
7.28938e-28
5.48247e-26
2.10475e-26
2.02598e-28
4.82435e-29
1.06901e-29
3.12466e-30
-1.36005e-32
-2.29505e-33
-9.99169e-34
-2.54692e-34
-2.62956e-35
-3.71463e-36
5.41346e-41
-9.99665e-36
8.45543e-33
-5.27562e-32
-1.07883e-30
-7.13199e-31
3.99962e-30
1.77578e-29
-3.27273e-30
-1.77338e-29
-1.55242e-29
-1.61133e-27
3.14109e-26
1.98425e-25
-1.5093e-24
1.48672e-24
4.78784e-24
3.36458e-24
-9.73595e-25
-3.02644e-24
-1.47515e-24
-2.11397e-25
6.6338e-26
1.10104e-24
-2.54167e-23
-2.31115e-23
-4.83232e-24
-5.65262e-25
-3.4577e-23
-4.73296e-22
-1.60448e-22
1.68661e-23
7.94085e-24
3.96198e-25
2.14548e-22
1.43153e-22
4.36339e-22
1.71848e-22
-2.66089e-22
2.19022e-21
5.71458e-22
1.74623e-22
-1.81214e-23
-3.94299e-24
-1.58952e-26
-8.95546e-27
-3.95465e-29
8.13052e-29
-2.18826e-28
6.35478e-27
2.00839e-27
1.95696e-29
-8.42391e-31
-5.75674e-31
-9.2396e-32
-8.07698e-33
-1.62548e-33
-4.73206e-34
-9.45767e-35
-3.90359e-36
4.67666e-40
-1.56716e-35
1.8768e-33
1.42462e-33
-3.18087e-31
-2.85795e-31
-2.5044e-31
1.38991e-31
-4.19107e-30
-1.05965e-30
5.70077e-32
-7.02639e-29
-2.44139e-29
5.22708e-26
-3.37616e-25
7.40763e-25
1.47506e-24
1.16483e-24
5.09575e-25
-1.67532e-25
-2.425e-25
-1.26815e-26
-1.12768e-26
5.43749e-25
2.94364e-25
-1.60443e-24
-1.07221e-24
-2.51768e-25
9.10617e-26
-5.39165e-23
-5.59487e-23
-1.06302e-23
-1.98794e-24
-1.00475e-25
-2.43109e-24
4.1352e-23
9.83412e-23
7.69386e-24
2.1625e-23
1.72095e-23
3.34689e-23
6.24594e-23
1.87657e-23
-2.69869e-25
-1.1522e-26
-8.40301e-27
-2.36953e-27
3.05568e-29
-9.06616e-29
-5.72394e-29
6.24608e-28
1.92666e-28
-7.57083e-31
-3.67717e-31
-7.63601e-32
-2.37037e-32
-7.01344e-34
-3.95599e-34
-7.66654e-35
-1.81341e-35
2.30002e-39
-1.25782e-35
1.6674e-34
-7.0559e-34
8.77198e-34
-7.50406e-32
-1.66811e-31
-2.95664e-32
-2.67984e-31
-3.52084e-31
2.27638e-32
-1.16765e-31
-4.64254e-30
1.41657e-27
-1.05295e-25
-4.82811e-26
1.98242e-25
3.41269e-25
2.58297e-25
9.24685e-26
-1.03834e-26
-6.19487e-27
1.9146e-26
-8.52736e-27
1.96244e-25
-2.84833e-25
-2.28464e-25
-5.13366e-26
6.03841e-26
2.61414e-25
-4.2609e-24
-4.7212e-24
-5.57974e-26
2.90915e-25
-1.08012e-24
-5.87318e-25
-5.99102e-26
-2.40575e-26
3.02438e-25
2.46571e-24
2.26023e-24
1.73908e-24
6.60718e-24
2.05313e-24
-2.21299e-26
-4.97886e-27
-2.48829e-27
-2.86375e-28
5.23263e-29
-2.89477e-29
-3.42271e-30
5.96104e-29
2.07854e-29
4.74775e-31
-1.05437e-32
5.88668e-33
9.31072e-34
-3.26284e-35
-2.60604e-35
-7.86034e-36
6.18745e-38
-6.79123e-36
2.29635e-35
-5.52482e-34
-4.18734e-33
-2.95308e-33
-3.94917e-32
-1.00635e-32
-5.02897e-32
-1.16723e-31
-1.15849e-32
-6.38656e-32
-9.23367e-31
2.35209e-29
-1.53428e-26
-2.67495e-26
-1.12034e-26
-7.16373e-27
6.03092e-26
2.05311e-26
-5.0838e-27
-4.08092e-27
3.89336e-27
1.26679e-27
4.32938e-26
-4.50973e-26
-3.21089e-26
8.03738e-27
1.39379e-26
2.66927e-27
-7.81396e-26
-1.402e-25
-5.05999e-26
1.46826e-25
-1.11595e-25
-2.12358e-25
3.35665e-27
4.94042e-27
3.2548e-27
1.60565e-27
1.82337e-26
5.61285e-26
2.15914e-25
6.70462e-25
1.86715e-25
1.9026e-27
-1.50092e-27
-4.52855e-28
-7.28134e-29
3.3339e-30
-7.15417e-31
-1.44251e-31
6.05073e-30
2.38289e-30
5.31581e-32
1.63454e-32
4.37828e-33
8.75035e-34
-4.80889e-36
-1.10253e-36
9.6743e-38
-1.04334e-36
-4.32634e-37
-1.3852e-34
-1.0487e-33
-2.84626e-33
-6.95505e-33
-4.88167e-33
-1.34117e-34
-2.22966e-32
-8.41621e-33
-2.16648e-34
-2.26343e-31
-7.46615e-32
1.44869e-32
3.64515e-31
-3.42781e-27
-1.31289e-27
9.56653e-29
3.63742e-27
3.14848e-28
-1.52401e-27
-6.90687e-28
1.10166e-27
3.35331e-28
5.17792e-27
-2.44915e-27
3.60105e-27
1.90203e-27
1.65813e-27
6.49034e-27
-2.05596e-26
-1.76285e-26
2.92903e-26
2.03959e-26
4.15104e-27
5.10192e-29
5.18898e-28
9.55625e-28
9.14522e-28
6.77053e-29
1.15117e-26
1.54499e-26
-2.34228e-26
6.63852e-26
9.92459e-27
1.89677e-27
-1.42402e-28
-4.91171e-29
-6.23347e-30
-2.30566e-31
7.42944e-32
-1.10639e-31
6.83982e-31
2.18314e-31
1.81606e-32
5.92191e-33
2.26935e-33
4.26865e-35
1.75346e-37
6.61474e-38
8.85614e-38
-8.51057e-38
-3.13843e-39
9.6874e-39
-5.2112e-34
-8.02428e-34
-2.09669e-33
-7.67408e-34
-5.22994e-35
-3.00145e-33
-1.33215e-33
-3.57954e-32
-3.12388e-32
-8.55889e-33
1.51269e-31
-2.71571e-28
-4.87554e-28
-5.29652e-29
8.30941e-28
3.22431e-29
-1.62932e-28
-1.2212e-28
2.04438e-28
-4.93717e-29
5.02615e-28
2.28417e-28
3.90826e-28
3.79584e-28
4.7465e-28
2.94017e-27
-4.34235e-27
-2.68009e-27
7.08914e-27
1.14135e-26
5.63011e-27
6.03734e-28
3.52944e-28
4.79545e-28
4.75515e-28
2.03852e-28
-6.19933e-29
2.62523e-27
2.28223e-27
2.90283e-28
2.44277e-27
6.09483e-28
9.78842e-29
-1.5268e-29
-6.46113e-30
-2.78202e-32
-6.80763e-33
-1.99468e-33
4.74565e-33
1.17733e-32
8.42748e-33
9.34097e-35
1.20778e-34
5.6148e-35
4.79598e-36
5.95119e-39
4.34764e-38
-6.09952e-39
4.10361e-39
1.14304e-38
-2.87804e-35
-2.21298e-35
-3.90492e-34
-3.87876e-34
-8.36602e-35
-1.96021e-34
-1.33003e-34
-2.6565e-35
-6.53014e-33
-1.43598e-33
1.47939e-32
1.542e-30
-7.0799e-29
-3.51745e-29
1.68109e-28
3.75361e-29
1.04861e-29
-3.11526e-29
4.63007e-29
1.42952e-29
-2.88543e-30
8.29657e-30
5.60158e-29
1.34293e-28
5.90454e-29
2.35724e-28
-2.07863e-28
-7.03148e-28
-2.28427e-28
1.56598e-27
2.65642e-27
1.07255e-27
-4.51837e-29
7.23659e-29
8.52744e-29
9.13485e-29
1.40087e-29
1.64723e-29
4.84466e-28
3.29628e-28
8.46169e-29
1.47061e-28
4.32846e-29
1.17441e-30
-2.73004e-31
-4.18202e-32
-5.49915e-33
1.80007e-34
-1.26558e-34
2.589e-33
1.98473e-33
1.15935e-34
-9.10426e-36
4.08166e-36
2.18803e-36
8.25239e-40
1.97129e-39
1.72205e-39
5.31358e-39
8.64987e-39
-8.7323e-36
-1.55503e-35
3.18366e-35
-7.06e-35
-7.57775e-36
-2.96114e-35
-6.60655e-35
9.16729e-35
-1.10386e-34
-9.14044e-34
1.94366e-33
1.33333e-31
1.78706e-30
-1.4386e-29
4.37909e-29
1.59688e-29
4.75927e-30
5.98034e-32
5.51099e-30
7.53327e-30
6.09299e-31
-1.30735e-30
-2.54535e-30
1.57966e-29
1.22571e-29
3.92571e-30
4.19168e-31
4.6577e-31
-6.40392e-29
-1.37213e-28
2.65797e-28
4.15053e-28
1.22116e-28
3.5488e-29
-1.39151e-30
1.8236e-29
1.09515e-29
1.19034e-29
4.89226e-29
3.68366e-29
1.15558e-29
3.5376e-29
9.86398e-30
2.77511e-30
8.0688e-31
-1.72105e-32
3.42663e-33
1.10574e-33
-7.46683e-35
-6.50734e-35
6.62348e-34
2.58209e-34
2.01577e-35
5.97317e-36
9.10965e-38
7.239e-41
3.87754e-40
-2.3279e-41
6.46844e-40
2.9488e-39
1.77238e-39
-1.77203e-38
-2.24167e-38
-1.73071e-37
4.47906e-37
5.30237e-36
-2.41512e-35
4.56325e-35
3.51299e-35
-4.75657e-35
-2.07822e-35
8.64771e-35
1.90154e-35
-1.72655e-34
-1.86052e-34
-5.10791e-33
-1.16836e-32
-2.93596e-32
-1.86655e-32
1.95348e-32
1.48109e-31
-4.32962e-31
-6.52788e-31
2.10826e-31
1.50665e-31
1.68774e-31
2.10965e-31
2.60867e-31
-3.86487e-30
-6.73742e-30
6.21605e-29
2.74422e-29
4.68971e-29
3.3756e-30
-2.49071e-32
7.06183e-32
8.77869e-31
3.32188e-30
5.78673e-30
4.35041e-30
1.48884e-30
3.20872e-31
3.39125e-31
6.02937e-31
2.45685e-31
4.59639e-32
3.91907e-33
1.57656e-33
1.67366e-34
-1.29802e-35
3.38593e-35
8.42185e-35
1.89421e-35
1.5608e-36
4.14351e-37
1.35727e-41
3.13423e-42
-2.89954e-42
1.14036e-41
-2.04154e-42
7.48525e-40
3.41283e-40
5.19456e-42
-5.23796e-38
1.12153e-37
7.53657e-38
-1.5118e-36
9.48758e-36
1.74897e-35
-7.45352e-36
-6.50556e-36
8.42267e-36
-4.60603e-36
-5.05602e-35
-8.71096e-35
-1.3211e-35
-7.75354e-34
-1.84501e-33
-7.69452e-33
-4.76655e-33
-1.03353e-32
-1.40389e-32
-1.54317e-31
3.14876e-32
9.08453e-32
9.45051e-32
9.25738e-32
6.00306e-32
8.40521e-32
-1.5397e-30
1.14456e-29
4.76611e-30
3.00117e-30
1.00825e-30
9.4682e-32
1.1495e-31
2.69746e-31
-7.40556e-32
1.26645e-30
9.71601e-31
2.74743e-31
7.33896e-32
8.71738e-32
-1.44673e-32
9.4065e-32
1.2144e-32
3.44788e-33
7.90577e-34
2.35606e-34
2.03358e-35
-4.44877e-38
3.31011e-36
5.78739e-36
7.5122e-37
2.27085e-37
3.13646e-42
1.16954e-42
-3.47655e-46
4.26076e-43
-2.15525e-42
1.04304e-40
1.31707e-40
-8.2973e-41
-1.17801e-40
1.2588e-40
3.45347e-38
-1.5642e-37
3.68169e-37
7.45527e-36
2.47042e-36
2.97123e-36
2.24135e-37
-2.18161e-36
-1.10015e-35
-3.32566e-35
-1.63763e-35
9.69812e-36
1.57658e-35
-1.73032e-33
-1.90085e-33
-1.87909e-33
-5.18656e-33
-4.18788e-33
6.51484e-33
4.65964e-32
4.89972e-32
5.11381e-32
3.43271e-32
5.04958e-32
-1.47211e-30
3.41522e-30
1.40726e-30
9.59309e-31
6.26559e-31
7.01619e-32
4.40219e-32
3.03367e-32
-5.43256e-32
2.59981e-31
2.5016e-31
1.40082e-31
3.7004e-32
1.69789e-32
7.73983e-33
1.45888e-33
1.07287e-33
5.04e-34
2.02204e-35
6.51238e-35
2.68169e-35
-6.59273e-38
-6.55904e-38
1.61618e-36
6.72268e-37
3.57398e-40
-4.76287e-48
2.69892e-43
2.17405e-43
1.3434e-43
-2.96254e-43
5.24778e-43
7.84723e-42
-1.85124e-41
-3.05797e-41
-7.80177e-41
-4.94479e-40
1.51141e-39
-5.21058e-39
1.10652e-36
1.64478e-36
2.21687e-36
1.13888e-36
5.12656e-37
-1.76424e-37
-7.22948e-36
-8.41843e-36
1.95111e-36
-7.0602e-36
-1.57978e-35
-7.89747e-36
-6.34818e-35
-6.61734e-34
-2.57398e-33
-1.95601e-33
2.25785e-33
8.40831e-34
9.4348e-33
1.47089e-32
8.82835e-33
2.26167e-33
-2.45261e-33
-2.50379e-34
6.06182e-32
2.36289e-31
9.64754e-32
9.22883e-35
9.39878e-33
-2.63645e-32
-7.63581e-33
3.20024e-33
1.62038e-32
1.47027e-32
7.5243e-33
2.98646e-33
3.58675e-34
1.24749e-34
1.97514e-34
4.97554e-35
-1.47093e-37
8.33899e-36
2.5123e-36
-8.375e-38
6.77634e-39
1.96861e-37
4.51089e-38
-6.07192e-57
-2.16767e-49
1.87966e-44
9.12942e-45
1.5371e-44
8.36677e-44
-1.15569e-43
-3.63091e-43
-1.16681e-41
-3.86849e-41
-3.69774e-40
5.2014e-40
-6.25568e-40
2.18795e-39
-1.60289e-39
5.49015e-37
7.20832e-37
4.58675e-37
1.2188e-37
3.67204e-38
-9.15819e-37
-4.43807e-37
-4.62153e-37
-7.33173e-37
-6.76532e-39
-1.28664e-36
-1.12152e-36
-3.48327e-34
-8.16199e-34
-3.56866e-34
1.79947e-34
3.18093e-34
3.77538e-34
1.31223e-33
6.9531e-34
-5.17681e-34
2.60754e-34
4.00154e-34
7.2513e-35
3.03926e-32
8.5322e-33
3.95666e-33
-3.27175e-33
-8.37048e-34
-1.29985e-34
-7.8586e-35
2.29384e-34
1.01207e-33
8.3027e-34
2.52945e-34
5.41851e-35
1.70847e-35
1.87268e-35
7.90849e-36
2.17583e-37
1.17005e-36
1.90762e-37
2.58491e-38
2.20614e-39
1.36679e-38
1.77847e-60
-2.23116e-50
-5.89346e-47
1.52694e-45
7.76691e-45
1.62551e-44
-2.68629e-44
1.59253e-43
-6.26518e-42
-2.71458e-41
-9.78759e-41
-7.88797e-41
4.41259e-41
8.05455e-41
-1.78421e-39
-2.10024e-39
1.6223e-37
2.0291e-37
6.33132e-38
3.65018e-38
-1.15266e-38
-1.50371e-37
-6.27168e-38
-6.57306e-40
2.59881e-37
2.17584e-37
4.01038e-37
-9.55643e-38
-1.87207e-35
-1.10083e-34
3.73068e-35
1.55989e-35
8.57059e-35
9.36395e-35
2.52188e-34
6.39195e-35
1.24329e-34
2.14781e-34
8.26044e-35
-2.39214e-35
2.67018e-33
1.74908e-33
1.18437e-34
-1.92993e-34
-5.26987e-35
-3.56051e-35
4.28676e-35
7.83159e-36
2.266e-34
1.26984e-34
2.01007e-35
-3.69708e-37
8.52869e-37
1.7719e-36
1.5917e-37
1.03527e-37
5.41922e-38
1.54509e-38
4.20439e-39
2.77784e-41
3.32921e-61
1.28902e-53
-1.63078e-47
-5.01564e-48
9.45021e-46
1.66155e-45
-5.80055e-45
1.24258e-43
4.78218e-43
-1.05328e-41
-3.65356e-41
-7.20304e-41
-6.12971e-41
-2.22586e-41
-4.37995e-40
-1.06196e-39
-3.79084e-40
9.75472e-40
2.30516e-38
1.95092e-38
6.71113e-39
-2.16102e-39
9.08393e-40
3.06854e-39
1.54015e-37
1.46838e-37
3.08386e-37
2.49045e-37
-4.31687e-36
-5.86492e-36
-2.09575e-36
-3.00794e-38
8.38977e-37
1.73746e-35
1.82247e-35
2.70863e-36
-3.96975e-36
1.49404e-35
3.25004e-35
-5.747e-36
-1.3554e-35
4.64766e-34
1.57184e-34
-4.86559e-35
-1.45512e-35
-5.55109e-36
5.31937e-36
2.29176e-36
2.73985e-37
3.64134e-35
1.7551e-35
1.56121e-36
3.49008e-37
1.8448e-37
9.33096e-38
2.56439e-38
2.0939e-38
6.25745e-39
1.70189e-42
8.1346e-42
6.23715e-62
2.56409e-54
-2.19853e-49
-1.12239e-48
1.06544e-46
1.22142e-46
-1.40952e-45
4.26698e-44
4.55934e-43
1.26934e-42
-6.948e-42
-2.84122e-41
-3.5086e-41
-2.51286e-41
2.44585e-42
-7.1266e-41
-1.24427e-40
9.32301e-41
6.97466e-40
2.93001e-39
1.22144e-39
-4.05656e-40
3.94851e-40
1.36422e-39
1.05664e-38
2.23539e-38
5.2451e-38
1.10884e-37
8.07703e-38
-8.4952e-37
-7.33547e-37
-9.22267e-38
-2.03988e-38
1.05931e-37
3.40917e-36
2.33657e-36
-1.68845e-36
-1.20802e-36
2.76631e-36
-8.68024e-38
-2.48762e-36
-6.87202e-36
3.8315e-35
3.43792e-36
-5.2483e-39
7.22429e-40
-1.06622e-38
-1.14827e-38
2.14178e-38
-1.75333e-37
1.90981e-36
4.43742e-37
1.8535e-37
-9.2226e-39
2.15307e-38
5.30482e-39
5.29716e-39
2.77949e-39
1.16126e-41
6.76536e-43
)
;

boundaryField
{
    left
    {
        type            fixedValue;
        value           nonuniform List<scalar> 
60
(
1
1
1
1
1
1
0
0
0
0
0
0
0
0
0
0
0
0
0
0
0
0
0
0
0
0
0
0
0
0
0
0
0
0
0
0
0
0
0
0
0
0
0
0
0
0
0
0
0
0
0
0
0
0
0
0
0
0
0
0
)
;
    }
    right
    {
        type            zeroGradient;
    }
    bottom
    {
        type            fixedValue;
        value           nonuniform List<scalar> 
60
(
1
1
1
1
1
1
0
0
0
0
0
0
0
0
0
0
0
0
0
0
0
0
0
0
0
0
0
0
0
0
0
0
0
0
0
0
0
0
0
0
0
0
0
0
0
0
0
0
0
0
0
0
0
0
0
0
0
0
0
0
)
;
    }
    top
    {
        type            zeroGradient;
    }
    frontAndBack
    {
        type            empty;
    }
}


// ************************************************************************* //
