/*--------------------------------*- C++ -*----------------------------------*\
| =========                 |                                                 |
| \\      /  F ield         | OpenFOAM: The Open Source CFD Toolbox           |
|  \\    /   O peration     | Version:  v2106                                 |
|   \\  /    A nd           | Website:  www.openfoam.com                      |
|    \\/     M anipulation  |                                                 |
\*---------------------------------------------------------------------------*/
FoamFile
{
    version     2.0;
    format      ascii;
    arch        "LSB;label=32;scalar=64";
    class       volScalarField;
    location    "0.1";
    object      T;
}
// * * * * * * * * * * * * * * * * * * * * * * * * * * * * * * * * * * * * * //

dimensions      [0 0 0 1 0 0 0];

internalField   nonuniform List<scalar> 
3600
(
0.999979
0.999987
0.999994
0.999999
0.999999
0.999999
0.429164
0.0481183
9.67243e-05
-0.000169758
-0.000153736
-8.69612e-05
-9.63087e-06
-4.09416e-07
-1.63006e-07
-8.48451e-09
2.10281e-13
1.75582e-13
3.99735e-14
1.53518e-13
1.44968e-13
5.71683e-14
1.18891e-15
9.2814e-24
8.28302e-24
8.84625e-25
2.14742e-26
-1.01777e-34
-6.98603e-35
-1.35903e-39
-1.56605e-39
2.04305e-48
-6.86907e-31
-1.28805e-31
-2.43819e-32
-5.18391e-33
-1.58352e-34
1.09629e-43
3.55985e-43
2.43052e-45
5.7774e-46
4.44453e-55
5.89753e-56
-4.08292e-65
-9.42212e-66
-9.90684e-84
-9.09434e-85
-2.64951e-85
-2.46574e-85
-9.64095e-86
-1.3701e-86
5.27409e-96
9.88892e-97
1.85417e-97
3.66274e-98
4.99785e-99
9.39574e-100
1.76742e-100
4.36878e-100
8.19098e-101
0.999987
0.999287
0.999338
0.999439
0.999522
0.999596
0.936484
0.505664
0.146637
-8.25687e-05
-6.15795e-05
1.35815e-05
5.00513e-06
2.42652e-06
9.96441e-07
9.78378e-08
-1.71554e-10
-1.67086e-10
-9.4742e-11
-3.06384e-12
-5.17853e-13
-1.77849e-14
1.12579e-14
9.24765e-23
5.07296e-23
1.68984e-23
1.0561e-24
-1.31141e-25
6.25686e-25
-1.94593e-24
8.04663e-24
1.50874e-24
3.48172e-25
-2.97243e-32
-1.01448e-32
2.65799e-31
-4.09716e-35
-4.09641e-36
-7.68077e-37
-1.44014e-37
-2.70027e-38
-6.23139e-39
-2.53031e-53
4.76499e-59
-2.74491e-66
-1.84635e-70
-4.82764e-78
6.77688e-78
4.22252e-78
4.69173e-79
1.34005e-84
1.19089e-85
3.18948e-86
1.36307e-86
3.22674e-87
2.49966e-88
-5.57426e-86
-3.76017e-86
-2.62139e-87
-1.81472e-96
0.999994
0.999338
0.992657
0.993469
0.994437
0.995352
0.988462
0.881292
0.526598
0.180894
0.00702462
5.61988e-05
-2.3115e-05
-1.68299e-05
-3.96525e-06
-1.12797e-07
2.54629e-11
-5.61873e-11
-5.40036e-11
-2.81042e-11
-8.61592e-12
-6.62071e-15
2.46162e-15
-1.89283e-17
-3.98741e-18
-5.52096e-19
2.14896e-23
-2.35336e-23
2.72022e-23
-1.14869e-22
-6.41463e-23
3.48348e-25
1.3052e-25
-1.78969e-26
-2.729e-26
-3.55981e-27
-1.60105e-35
-9.45297e-37
-3.85946e-37
-4.09423e-38
-7.53998e-39
-1.86942e-39
-1.15866e-53
-2.67385e-54
-2.21537e-63
-2.0756e-70
-6.50056e-75
-3.4257e-77
-2.70814e-77
-1.89066e-69
-1.34731e-69
-2.51582e-70
-3.20817e-71
-4.53895e-72
-6.8126e-82
5.69132e-82
2.15499e-82
3.22675e-83
-6.15457e-88
-1.16216e-88
0.999999
0.999439
0.993469
0.961813
0.966507
0.972239
0.969866
0.939619
0.839183
0.523089
0.204466
0.0117549
0.000591458
0.000139927
5.68261e-06
2.56028e-06
1.05626e-07
9.48225e-09
1.55794e-09
1.98718e-10
-2.5935e-12
-9.21799e-14
-1.66759e-14
-3.2496e-15
-4.6563e-16
-2.28335e-19
-6.53562e-20
-5.13482e-21
6.7491e-21
4.80469e-21
1.09663e-21
-1.64515e-23
6.50802e-24
1.83774e-24
1.26962e-26
-1.26574e-27
1.04928e-28
1.96741e-29
4.54017e-30
-1.46026e-38
-1.73611e-39
-8.32044e-40
1.67995e-49
-2.22738e-50
-4.55372e-50
2.23484e-61
9.89795e-62
9.60668e-62
5.97017e-62
1.17094e-62
1.2638e-63
1.24508e-64
4.78177e-65
6.76678e-66
5.53559e-74
-1.15426e-77
1.29273e-75
-1.04081e-74
-1.95152e-75
-3.65906e-76
0.999999
0.999522
0.994437
0.966507
0.860084
0.878948
0.894285
0.885416
0.829448
0.719236
0.428785
0.136952
-0.000781907
-0.000591308
-0.000106207
-5.77113e-06
-9.84319e-07
-3.88257e-07
2.60859e-09
7.71449e-10
-7.44332e-12
-1.18349e-12
-2.2484e-13
-4.50119e-14
-7.65817e-15
-1.02079e-15
2.00904e-18
9.95325e-19
3.02995e-19
7.60803e-20
1.51038e-20
2.93269e-21
3.1354e-22
-7.87797e-25
-2.76717e-25
-1.36347e-27
-4.67182e-28
-4.91893e-29
-1.52883e-29
-1.86746e-34
-4.32794e-35
-1.6585e-36
-4.11164e-37
8.75038e-41
1.63124e-41
3.76441e-42
-3.79228e-51
-3.30139e-55
4.43204e-55
-2.41002e-57
-8.53451e-60
5.95975e-61
-6.80953e-59
-6.24462e-59
-1.55625e-59
5.54335e-63
6.10745e-63
1.18552e-63
6.57001e-65
-8.7398e-71
0.999999
0.999596
0.995352
0.972239
0.878949
0.62279
0.637221
0.668594
0.688566
0.641747
0.465338
0.253881
0.0516693
-0.000894696
-0.000501887
-6.43922e-05
-4.89159e-06
-2.77782e-07
-1.93949e-08
1.36213e-09
4.28993e-10
-1.13329e-11
-3.34632e-12
8.43299e-16
1.0785e-17
-7.47165e-16
-3.75872e-16
-3.63737e-17
-7.19759e-18
-1.7324e-18
1.90406e-20
1.38361e-21
4.10297e-22
4.41125e-24
-2.35387e-28
-4.69819e-28
-1.69232e-28
-6.01901e-29
-2.60395e-29
1.66132e-32
4.25972e-33
1.3962e-34
-2.28276e-37
-4.2854e-38
-9.88522e-39
1.28864e-42
3.95007e-44
2.76505e-49
-9.04013e-49
2.86183e-50
9.19555e-50
9.52245e-51
1.78546e-51
3.82157e-52
2.98905e-53
1.47382e-59
-5.02146e-63
-1.98113e-63
-3.86287e-64
-6.13445e-65
0.429162
0.936486
0.988462
0.969866
0.894335
0.637348
0.337376
0.363182
0.393401
0.416199
0.377184
0.248331
0.118428
0.013427
3.9664e-05
1.89776e-05
3.54527e-07
-2.39594e-08
-1.65582e-08
-1.37401e-09
-1.60324e-10
3.59854e-11
1.0395e-11
-4.51955e-13
-8.19021e-14
-2.00504e-14
-1.50963e-16
-1.90289e-17
-3.12971e-18
-4.08945e-19
-1.12574e-19
-1.81715e-21
-2.80954e-22
-6.82048e-23
-1.40672e-24
4.46094e-29
-3.63357e-29
-3.50387e-30
-2.61809e-30
-4.71175e-31
1.42696e-33
4.98535e-34
-6.13871e-38
-2.77879e-38
-3.58829e-39
-1.42199e-41
2.3044e-44
4.27362e-45
9.8154e-46
-1.26135e-48
2.60891e-49
3.26286e-50
3.95479e-51
-8.22442e-52
-2.12704e-52
8.10741e-54
-3.95887e-54
-4.00887e-60
-3.06908e-64
-5.40505e-65
0.0481179
0.505668
0.881347
0.93962
0.88539
0.668519
0.362645
0.0902982
0.092017
0.117342
0.185455
0.154889
0.108354
0.0428315
0.000109062
6.20961e-05
1.93437e-05
3.65869e-07
-6.94988e-09
-3.72313e-09
-1.84649e-10
-3.07657e-11
7.9536e-12
2.94118e-12
-6.87477e-14
1.70136e-15
-3.98654e-17
-2.25229e-17
-1.11795e-18
-1.6636e-19
-3.13466e-20
-1.62483e-21
-1.71477e-22
-1.55519e-23
2.48851e-24
7.4238e-25
-1.64198e-36
-4.41253e-31
-4.81792e-31
-2.92381e-31
6.59292e-35
4.49339e-35
2.06305e-35
5.29907e-36
6.31603e-37
1.40962e-40
-8.77654e-42
-3.18142e-42
1.25532e-42
-8.79155e-41
-5.03393e-41
8.12678e-44
3.39729e-44
5.72912e-45
-2.12652e-52
-8.42046e-53
-9.31917e-54
2.64247e-57
1.58631e-57
1.63137e-58
0.000107468
0.145587
0.52577
0.839063
0.829261
0.687988
0.393469
0.093299
0.00769011
0.00890433
0.00901523
0.039534
0.0565303
0.0352734
0.00895524
2.29374e-05
1.08857e-05
4.49393e-06
-4.05182e-08
-1.54655e-09
-1.2563e-10
-5.76085e-11
-9.57259e-12
1.60218e-12
4.49528e-13
1.90072e-14
3.2665e-15
-9.96984e-18
-3.62067e-19
-1.54387e-19
-1.58695e-20
-3.75955e-21
-1.30978e-21
-4.22132e-24
-3.86351e-23
-6.67013e-27
-4.1462e-28
-2.00051e-31
-2.1723e-31
-8.94749e-32
-5.9099e-33
-3.54024e-33
-7.68067e-34
-7.57403e-34
2.96881e-36
-3.34349e-35
-8.29148e-36
1.49414e-37
4.11542e-39
1.27663e-39
-2.24033e-41
-7.40931e-42
1.31768e-44
6.72288e-45
-1.54809e-52
-5.71459e-53
-5.58983e-54
-1.29567e-54
-1.6021e-56
-1.95608e-57
-0.000185464
0.0022983
0.182413
0.523384
0.718678
0.641406
0.415215
0.121248
0.00900409
0.00185167
0.00194005
-0.00016641
0.00700426
0.0144348
0.00778304
0.00177886
1.61019e-06
1.91444e-06
6.61502e-07
2.28771e-09
1.16573e-09
3.05251e-10
-1.02835e-11
-2.7419e-12
-2.72924e-13
1.2794e-14
5.6903e-15
5.93202e-16
4.26365e-17
1.13225e-18
1.62395e-20
2.57954e-22
1.70229e-22
5.48011e-22
6.04815e-23
1.18501e-23
2.10442e-24
1.45074e-27
8.37616e-28
5.8293e-29
-2.80548e-32
7.53548e-32
5.49107e-32
5.70181e-33
1.15786e-33
1.3005e-34
3.41003e-35
-6.56701e-37
8.54077e-40
-1.9591e-40
-2.68725e-42
3.22001e-42
1.48891e-45
-2.72453e-47
-1.03985e-47
-7.25376e-49
-1.14325e-54
-5.33054e-55
-7.34533e-56
1.17625e-56
-8.31996e-05
-0.00226837
0.00649134
0.205378
0.430147
0.465868
0.377346
0.186938
0.0106123
0.00206102
0.00167568
5.61374e-05
9.15096e-05
5.1809e-05
0.00205731
0.00126569
0.000272917
-7.3879e-08
1.74575e-07
-3.75727e-09
4.78851e-10
6.22701e-10
1.17395e-10
-1.02174e-12
-9.50183e-14
-3.30582e-14
-6.30351e-15
4.96089e-16
2.32087e-16
-2.08455e-18
2.29632e-19
6.84649e-20
5.12927e-21
6.25247e-22
2.86157e-23
3.40689e-24
4.61258e-25
8.21607e-26
8.82498e-27
-3.64961e-29
-2.97168e-30
3.76048e-31
2.82478e-31
1.22449e-31
1.71458e-33
4.20952e-34
1.25275e-35
3.34769e-36
4.87218e-37
3.86984e-39
1.18257e-41
3.21344e-42
4.22199e-43
7.86066e-44
1.63247e-44
2.26357e-45
5.03672e-52
-1.84856e-54
-1.11409e-54
-1.0671e-55
2.32986e-05
-0.00131651
-0.00250715
0.010588
0.13878
0.25373
0.248488
0.154056
0.039811
-0.000497411
2.15168e-05
6.55429e-05
5.19513e-05
1.3794e-05
7.32494e-07
0.00027296
0.000179255
3.81096e-05
-4.66977e-08
-3.63698e-08
-8.96666e-09
4.88423e-10
5.17519e-11
1.58558e-11
1.45069e-12
-1.18168e-14
-6.19517e-15
-2.24841e-16
1.0849e-16
2.78514e-17
1.9591e-19
6.89136e-20
2.11312e-20
3.54752e-21
3.15134e-22
2.16666e-23
3.64202e-25
4.74504e-26
2.08511e-26
6.2778e-27
-1.33936e-29
-2.04612e-31
5.90352e-33
1.26354e-32
5.34385e-34
-3.1257e-34
-2.75348e-35
9.03724e-37
2.86709e-37
4.04336e-38
7.58339e-41
9.65779e-42
2.77591e-43
8.35986e-44
2.15154e-44
7.04789e-45
1.22074e-46
6.69999e-53
-5.69128e-55
3.36393e-56
5.67304e-05
-0.000147718
-0.00128163
0.000707636
0.00032767
0.0525967
0.118426
0.107792
0.056859
0.00625729
1.91983e-05
7.10189e-05
2.99551e-05
1.02094e-05
9.33303e-07
8.92209e-08
3.81609e-05
2.47946e-05
5.18885e-06
-3.33677e-08
-1.98218e-08
-1.98209e-09
-1.7488e-10
5.42576e-12
1.09064e-12
3.01282e-13
4.6595e-16
2.47669e-16
4.34486e-17
1.01166e-17
1.049e-19
1.72378e-20
1.34077e-20
5.56575e-21
1.54518e-22
2.11624e-23
1.39982e-24
-3.20484e-25
-1.38817e-25
-1.27036e-26
1.50774e-28
6.42519e-29
1.73157e-30
6.82779e-32
6.34166e-32
7.7584e-33
-2.12115e-35
2.1403e-37
8.49794e-38
3.17308e-38
3.41424e-40
2.12996e-41
4.21188e-44
-2.59016e-44
-3.58564e-44
-1.25622e-44
1.64435e-46
8.82105e-48
1.09718e-48
-1.48873e-50
-4.59045e-11
-2.17865e-05
-8.32993e-06
0.000119412
0.0001063
-0.000349373
0.0136525
0.0421087
0.0346928
0.0146941
0.000582926
3.05588e-05
1.56945e-05
8.46085e-06
1.14403e-06
3.11227e-07
1.16305e-08
5.18193e-06
3.32984e-06
6.90284e-07
-1.15608e-08
-3.94589e-09
-5.12398e-10
-9.94026e-11
1.72852e-13
-6.5822e-14
-3.39625e-15
2.82723e-15
-1.92995e-17
-8.85074e-19
-1.49276e-18
2.1782e-21
2.16228e-21
2.59487e-21
7.17499e-22
1.43171e-23
6.29787e-24
1.45061e-24
-5.64602e-26
-2.39924e-26
-9.4974e-28
-2.05294e-28
-2.15313e-29
-4.96935e-30
-5.42559e-31
4.70778e-33
-8.15111e-35
4.21952e-39
6.0107e-39
5.68675e-39
5.91646e-41
-1.41253e-41
7.76476e-42
1.22014e-43
1.12076e-43
1.6989e-44
-1.22518e-46
-2.16318e-47
-1.4221e-48
4.60888e-50
-4.53278e-11
-2.22907e-06
-3.2374e-06
3.34904e-05
1.73047e-05
-6.59348e-05
4.04989e-05
2.52601e-05
0.00865317
0.00770392
0.00230774
-1.90963e-06
1.19286e-07
4.2785e-07
7.4463e-07
4.1678e-07
9.70221e-08
1.02655e-08
6.80802e-07
4.33883e-07
9.27864e-08
-1.54918e-09
-6.25867e-10
-8.28524e-11
-4.8465e-12
-2.31187e-14
-2.52115e-14
-8.06225e-15
-1.65786e-16
-3.94622e-17
-3.39096e-18
-3.7644e-21
-2.33741e-21
5.62833e-22
5.14624e-22
1.14733e-22
5.33846e-24
9.73497e-25
-5.62013e-26
-3.36976e-26
-3.86593e-27
1.58489e-29
-5.08867e-31
-1.85498e-30
-1.88879e-31
-6.91798e-32
3.95509e-35
4.96414e-35
1.00647e-35
1.17243e-38
5.70608e-40
7.85005e-41
-5.17944e-42
-2.63284e-43
-1.6411e-43
-2.24379e-44
2.70391e-46
5.71817e-47
5.29988e-48
3.68557e-50
-1.86818e-11
-3.03062e-08
-3.42173e-07
7.84676e-06
1.56093e-05
-1.59348e-05
8.15842e-06
1.22746e-05
5.92571e-06
0.00172823
0.00131088
0.000280447
-1.93459e-06
-1.01605e-06
-7.37431e-08
1.80023e-07
8.1934e-08
2.27521e-08
4.74907e-09
8.58186e-08
5.52459e-08
1.26677e-08
-2.10835e-10
5.1429e-12
-2.26947e-12
-6.26301e-13
4.56051e-14
7.39707e-15
1.57613e-15
4.06634e-17
-4.70414e-18
-8.73054e-19
-3.83057e-21
-4.29715e-22
2.34292e-22
6.22345e-23
1.66211e-23
5.07049e-24
5.24418e-25
-3.05921e-26
-7.96818e-27
-1.68652e-27
1.58998e-30
7.1375e-31
8.7677e-32
-2.83008e-32
-7.17416e-33
-1.42467e-34
2.82611e-36
5.63129e-39
1.67562e-39
4.23743e-40
5.78583e-41
6.18074e-43
1.79938e-43
2.96666e-44
-5.11551e-46
-1.48115e-47
1.68709e-48
-2.72426e-50
-9.19922e-13
-1.82149e-08
-9.86352e-08
2.93403e-08
2.13721e-07
-7.41163e-08
3.90538e-06
9.75357e-06
6.6566e-06
1.98455e-06
0.000266736
0.000176952
4.02695e-05
-6.41962e-07
-3.19621e-07
-5.87573e-08
9.67903e-09
9.36049e-09
4.79655e-09
-4.45245e-13
1.06192e-08
5.80076e-09
2.02844e-09
-2.24867e-11
-1.23273e-11
-9.41356e-13
-1.29762e-13
4.11689e-15
1.13694e-15
1.89858e-16
-1.95618e-18
-9.43679e-19
-1.86506e-19
-1.28596e-22
-1.37745e-23
1.45311e-23
-3.37465e-25
9.94996e-25
4.35946e-25
6.59211e-26
-3.52386e-28
-5.57698e-28
-1.35584e-29
9.48206e-32
6.54361e-32
1.5117e-32
1.49689e-33
2.31287e-34
6.66859e-35
-8.38836e-39
2.11083e-41
9.89043e-41
3.11878e-41
2.99039e-43
2.36179e-44
1.02636e-44
1.96446e-45
3.36897e-50
4.57853e-49
7.49061e-50
-3.53949e-13
-1.15472e-09
1.55368e-09
9.43363e-09
3.96844e-08
-7.84446e-08
3.83831e-08
2.94881e-06
4.23989e-06
2.34021e-06
5.36735e-07
2.69092e-05
9.41961e-06
2.07788e-06
-1.9103e-07
-8.77475e-08
2.34781e-10
-3.40502e-11
1.06539e-10
4.52814e-11
6.50568e-11
6.42809e-10
7.96627e-10
2.37439e-10
-1.65705e-11
-3.45691e-13
-1.49566e-13
-2.46076e-14
-5.93618e-15
6.50426e-17
1.21138e-19
-1.11653e-21
-6.96794e-20
-1.72702e-20
-1.41241e-22
-4.2921e-25
-9.99934e-25
-1.77241e-25
1.46534e-26
2.15815e-26
6.33661e-28
-9.12081e-29
-6.85223e-30
-4.07077e-30
-1.00514e-31
-1.5503e-32
2.1867e-34
3.91205e-35
-1.56508e-35
-7.01714e-39
-1.40925e-40
-1.73423e-41
9.80458e-42
3.52467e-42
3.16555e-43
2.47955e-45
5.51341e-46
3.48664e-47
6.05008e-51
-3.61072e-50
-1.03247e-13
-1.87741e-10
3.81618e-10
2.84725e-09
4.19194e-09
-4.44071e-08
-3.65189e-08
-3.99054e-08
9.44211e-07
1.27007e-06
6.32317e-07
9.41484e-08
2.83593e-06
1.50136e-06
3.2613e-07
-4.35776e-08
-1.41101e-08
6.63297e-10
5.82586e-11
2.54216e-11
8.09844e-12
6.44221e-12
-1.33802e-11
8.86882e-11
2.66439e-11
2.63185e-15
-2.56008e-14
-1.51875e-14
-1.10207e-15
1.39061e-17
-1.31391e-20
-5.59721e-21
-4.73391e-21
-6.1654e-21
5.85626e-23
1.06784e-23
8.85483e-25
1.07402e-25
4.40071e-27
3.93592e-27
1.16233e-27
4.27197e-28
-1.62774e-29
-2.13562e-30
-8.39689e-31
-1.21911e-31
-2.33393e-32
-4.0602e-35
-1.46274e-36
-1.43785e-39
-1.43504e-40
-5.88793e-41
-2.54274e-42
1.2123e-42
3.79373e-43
5.13943e-44
1.63892e-46
7.33008e-48
1.12438e-48
1.4753e-49
-2.55613e-22
9.20682e-12
1.0905e-10
8.34812e-10
2.60139e-09
-4.90565e-09
-1.64997e-08
-2.95286e-08
-4.2157e-08
2.02468e-07
2.94859e-07
1.34484e-07
8.86881e-09
3.14506e-07
2.04039e-07
4.70574e-08
-5.86951e-09
-1.80611e-09
-1.68018e-11
-5.34347e-12
4.93889e-13
2.84783e-13
1.23793e-12
7.60255e-12
8.42419e-12
1.44179e-14
2.82636e-15
-6.20143e-15
-2.08664e-15
-1.7606e-18
-9.69117e-19
-2.13065e-19
-9.23953e-21
-1.3806e-21
-3.28989e-22
-3.32212e-23
2.62437e-24
2.48915e-27
-9.11225e-27
-7.80241e-28
1.45483e-28
1.6525e-28
3.9943e-29
1.47869e-30
1.42144e-31
8.01684e-32
2.57924e-32
-2.5284e-34
-9.41889e-35
-1.32596e-37
9.22372e-40
6.75902e-40
1.862e-40
-6.77712e-44
5.49626e-44
1.52513e-44
5.33373e-47
1.90166e-47
4.73455e-48
1.28538e-49
-2.89045e-21
6.10897e-12
1.46587e-11
2.28454e-11
1.3713e-10
-1.06416e-09
1.80593e-10
-7.18251e-09
-3.74776e-09
1.15719e-08
6.54212e-09
4.03622e-08
1.73394e-08
4.41739e-10
4.15381e-08
2.85205e-08
6.99903e-09
-6.11938e-10
1.18913e-12
-2.87109e-12
-9.20014e-13
-4.45032e-14
-4.60394e-14
3.37669e-13
1.90345e-12
6.97332e-15
3.88047e-15
3.37739e-16
-5.96079e-16
8.60658e-18
1.83417e-18
5.594e-19
-8.20015e-21
-2.21729e-21
-1.32255e-22
-1.9661e-23
-4.75838e-24
-3.80051e-25
-6.10733e-27
6.77722e-28
-2.61019e-28
-9.97204e-29
3.41575e-30
-2.23406e-30
3.9509e-31
1.08818e-31
5.87772e-33
1.58024e-33
-1.17165e-35
-9.84752e-38
-7.97862e-39
-9.85749e-40
1.07339e-40
4.0932e-41
1.98085e-44
5.79206e-45
6.87984e-46
2.21035e-46
-2.70752e-48
-6.23476e-49
-4.5112e-21
2.24519e-13
2.90594e-12
2.38586e-12
6.75413e-11
5.07658e-11
4.37211e-11
1.09256e-11
-1.30549e-09
1.95782e-09
1.79708e-09
-2.42278e-09
3.64561e-09
2.88821e-10
7.75437e-11
5.87528e-09
4.02244e-09
1.15209e-09
5.5599e-11
-3.91603e-13
-3.94475e-13
-8.66202e-14
-3.69948e-15
-8.24918e-15
7.34701e-14
2.38238e-14
4.55358e-15
1.82649e-15
-9.64403e-17
2.56606e-18
1.0895e-18
3.81164e-19
-5.97204e-21
-1.96915e-21
-3.02474e-23
-1.86553e-23
-2.85528e-24
1.57749e-25
6.99947e-26
6.53862e-27
1.17099e-27
2.51457e-28
2.28084e-30
-2.78721e-30
-1.11631e-30
-2.33138e-31
1.93005e-33
3.78263e-34
-4.08943e-36
-1.13381e-36
-6.04577e-38
-1.21791e-39
-4.01516e-41
1.04511e-41
1.39021e-44
6.27915e-45
1.89639e-45
9.49378e-46
3.94418e-47
7.38648e-48
-3.0642e-21
6.30127e-14
1.11382e-12
9.95309e-13
9.0079e-13
8.58076e-12
1.08229e-11
2.90332e-12
-4.46022e-11
5.54118e-10
6.53358e-10
2.89392e-11
1.81492e-11
-3.22967e-12
4.73243e-12
-3.73985e-12
5.9582e-10
5.61426e-10
1.94578e-10
-6.6611e-13
-3.32997e-13
-7.05437e-14
-3.73894e-15
6.82561e-16
1.01295e-15
4.41903e-16
7.2216e-16
6.93221e-16
1.84726e-16
-1.73087e-19
-2.6535e-20
8.43546e-20
-1.94901e-21
-6.68669e-22
-1.2985e-22
-2.24301e-23
-7.42015e-24
-6.87417e-25
-2.91904e-26
1.20008e-26
3.10842e-27
1.4405e-28
1.51648e-29
4.49199e-30
9.27859e-31
2.08401e-31
6.60266e-34
2.50705e-34
-2.7486e-37
-3.3451e-37
-2.65049e-38
-7.55562e-39
8.97925e-41
4.78825e-41
5.12298e-42
1.98316e-45
1.69878e-45
1.06877e-45
2.42398e-46
1.3551e-48
-3.9968e-22
-1.30235e-20
4.33674e-14
1.72186e-13
-2.79994e-15
6.11021e-13
2.98564e-12
6.87176e-14
-2.85859e-13
-1.32582e-12
5.64329e-11
3.31269e-11
2.97161e-12
1.0091e-12
2.01104e-12
7.89868e-13
3.3623e-13
3.99472e-12
6.11411e-11
1.90919e-11
1.85548e-13
-4.91794e-14
-1.94672e-14
-2.07946e-15
-1.8944e-16
-4.27264e-17
-5.04351e-17
6.15941e-17
7.21623e-17
2.09352e-17
-5.83062e-20
4.87596e-21
9.00122e-22
6.7966e-23
-2.01285e-23
-3.03217e-24
-2.45481e-24
-5.7706e-25
-1.20765e-25
-3.76574e-26
1.345e-27
4.29836e-28
4.18742e-29
-8.21576e-32
1.57039e-31
7.74082e-39
4.35909e-35
1.56838e-35
-4.23619e-37
-2.31561e-37
-2.39234e-38
-4.21016e-39
-1.72362e-40
-4.3245e-41
-4.57405e-42
-1.05355e-45
1.3438e-46
5.16349e-46
2.62571e-46
9.06206e-48
2.50527e-32
4.96824e-25
-7.94446e-17
1.02094e-14
-4.65264e-15
1.90745e-15
8.62751e-14
1.49367e-14
-1.83938e-13
-4.75306e-13
-3.19572e-14
5.63929e-13
5.9293e-13
4.74066e-13
5.98931e-13
8.13412e-13
5.01936e-13
1.47146e-12
1.24409e-14
5.85658e-12
2.12503e-12
1.17869e-13
-1.327e-14
-4.78657e-15
-1.7448e-16
-4.71602e-17
-8.31302e-18
2.99359e-19
-1.34202e-19
6.49262e-18
1.9439e-18
-5.49449e-20
3.71313e-22
-2.15043e-22
-3.11967e-23
-2.446e-24
-4.47084e-25
-2.90948e-25
-5.45532e-26
-1.24247e-26
-7.84595e-28
1.41829e-28
5.69661e-29
8.13925e-33
1.92557e-32
-3.97247e-35
-1.77218e-35
-8.08854e-36
9.57291e-38
-7.70811e-39
-4.54955e-39
-5.95617e-40
-2.91361e-40
-3.93337e-41
-2.70077e-42
-3.09679e-43
4.10973e-47
1.10707e-46
6.88614e-47
1.93079e-48
-6.46852e-31
1.00655e-26
-1.97973e-16
1.00916e-15
-1.12736e-15
-3.26666e-16
1.95982e-14
-6.87446e-15
-6.51183e-14
-3.6627e-14
-2.0616e-14
-7.79318e-15
5.49839e-14
3.79096e-14
-1.84916e-14
-1.0744e-14
1.80649e-13
1.04468e-13
1.2952e-14
9.56065e-18
4.9581e-13
1.68857e-13
5.18058e-14
-1.37934e-15
-3.95243e-16
-1.13522e-16
-4.43457e-17
5.53314e-21
2.63694e-20
1.80983e-20
5.80761e-19
1.91689e-19
4.41069e-21
1.19386e-21
-1.099e-22
-8.83793e-25
6.70155e-27
1.53205e-28
1.22947e-26
1.34613e-27
4.7968e-28
-1.50454e-29
-6.12091e-30
-6.74017e-31
1.07094e-31
2.4707e-32
-2.78136e-35
1.81247e-35
1.09875e-36
1.33443e-36
-4.50772e-39
6.74315e-41
1.93713e-41
-7.32828e-42
-3.82962e-42
-1.43145e-43
-1.24028e-44
1.90949e-46
9.34548e-47
6.49638e-48
-5.07844e-31
2.44643e-27
-4.56866e-17
-2.02942e-17
-3.93044e-17
3.25488e-17
1.20928e-15
1.35815e-15
-5.88711e-15
-2.61554e-15
-2.70945e-15
-3.43563e-15
5.43719e-15
1.84395e-15
-1.11062e-14
-6.95454e-15
-3.44686e-17
3.79723e-14
1.62303e-14
1.7259e-16
-7.55412e-16
9.73859e-16
1.62346e-14
4.79492e-15
-1.39629e-17
-1.77665e-18
-5.33746e-18
1.65665e-20
7.04712e-21
7.69938e-21
6.92412e-21
4.98383e-20
1.01954e-20
2.87099e-21
7.96931e-22
2.5677e-23
1.15484e-25
8.38126e-26
1.09692e-26
3.24248e-27
1.75576e-27
3.51672e-28
-1.1976e-29
-2.37114e-30
-6.0607e-31
6.8977e-33
4.67376e-35
-2.61027e-34
-1.09772e-34
-7.74397e-36
-8.65104e-39
2.39112e-40
1.61268e-40
3.36135e-41
-1.54797e-42
-6.06792e-43
-3.65606e-44
-1.81958e-45
-1.09185e-46
1.67451e-46
-5.25356e-32
-4.221e-30
4.60453e-22
-7.58795e-18
-2.08613e-17
-1.16482e-17
-9.72213e-18
3.81045e-16
6.52769e-17
-3.88373e-16
-2.41414e-16
-7.08951e-16
-3.15173e-16
-1.18927e-16
-2.63406e-15
-2.53029e-15
-3.52598e-16
-3.17635e-16
4.94398e-15
2.02854e-15
-3.18179e-16
-9.32557e-17
2.84315e-16
1.37243e-15
1.99707e-16
-2.83291e-20
-1.49783e-18
-2.28451e-19
-3.53983e-20
-1.94686e-21
5.40185e-22
2.69892e-21
3.17061e-21
-1.10255e-22
3.63384e-22
1.98413e-23
2.58503e-24
2.32813e-26
4.69381e-27
1.58297e-27
3.80932e-28
2.22487e-28
6.67554e-29
9.65513e-31
6.9888e-32
1.63594e-32
3.14562e-33
8.99445e-34
1.9425e-34
3.75849e-35
9.57099e-36
-4.71777e-39
1.3723e-38
-1.84536e-42
-1.42074e-43
-9.54384e-44
-2.97095e-44
-1.38595e-44
1.04332e-45
-5.48197e-46
-1.09298e-32
2.36598e-28
-1.96078e-24
-9.8928e-20
-5.12172e-18
-6.21632e-18
-4.91975e-18
1.13717e-17
7.07372e-18
1.74898e-18
-8.39511e-18
-2.03063e-17
-9.01453e-17
-3.21808e-17
-2.0322e-16
-8.7307e-16
-3.99068e-16
-1.92227e-16
-2.11614e-17
4.68674e-16
1.21718e-16
-4.32621e-19
5.96627e-17
1.17544e-16
7.87886e-17
1.09761e-17
4.7259e-18
-5.09734e-20
-1.14726e-20
1.33343e-23
2.3785e-23
5.51521e-22
1.02816e-21
1.62692e-23
-2.76228e-26
3.16124e-25
1.48636e-25
4.15137e-26
6.97752e-28
-8.5475e-29
1.25257e-28
7.51192e-30
3.37383e-29
8.447e-30
1.66764e-32
2.08056e-33
6.38685e-34
1.47402e-34
7.26377e-35
1.50715e-35
1.81064e-36
-1.08538e-37
-3.19522e-38
2.22983e-41
-6.89331e-41
-2.09065e-44
-5.81551e-45
-1.04656e-44
-3.97876e-45
1.96809e-45
-9.50521e-34
-7.67512e-28
-1.55993e-22
1.75327e-20
1.77715e-19
-5.1827e-19
-1.62152e-19
-5.83237e-20
2.70814e-18
1.11484e-18
-1.91777e-18
-1.26631e-18
-5.50054e-19
4.6239e-20
6.1031e-19
-1.0137e-16
-1.71597e-16
-9.8106e-17
-2.03206e-17
-1.72928e-19
1.44063e-18
-5.10682e-18
1.20612e-17
8.64777e-18
5.85909e-18
4.28758e-18
5.41216e-23
-2.64571e-20
-5.19827e-21
1.19536e-22
3.76834e-22
2.75824e-23
2.80323e-22
1.26513e-22
2.70238e-24
7.05726e-25
2.67603e-25
4.09682e-26
7.77957e-27
-9.01744e-28
-1.73909e-28
-7.19009e-29
-3.35541e-29
-1.26294e-29
4.87494e-33
5.92005e-34
1.48759e-34
6.1772e-35
1.54202e-35
6.83292e-36
1.57738e-36
3.90644e-37
4.51233e-38
9.26627e-39
1.25485e-39
-3.32111e-45
-8.57763e-43
1.92874e-44
-7.54144e-44
-1.35458e-44
-1.78221e-34
2.5585e-27
-3.59997e-23
-3.06034e-21
5.45364e-20
-1.03781e-19
-8.93136e-21
-5.71433e-21
7.12038e-20
1.80134e-19
-5.38804e-20
-1.34231e-19
-1.58584e-20
-1.85331e-19
3.13301e-19
-1.94335e-18
-4.12748e-18
-1.94013e-17
-1.10246e-17
3.06565e-19
3.4369e-19
-1.15079e-18
2.81099e-18
1.27832e-18
1.50806e-19
1.14478e-18
2.13717e-19
7.79511e-20
-5.77836e-22
-2.04338e-22
1.47467e-22
6.99795e-23
3.12177e-23
9.78579e-24
3.24646e-24
1.62912e-25
1.06254e-25
2.76269e-26
9.66999e-27
2.89868e-27
5.24912e-28
1.44391e-28
4.22665e-29
1.74963e-29
1.42515e-33
1.27748e-34
5.13621e-35
2.35632e-35
7.94521e-36
8.80042e-37
4.78563e-37
9.98397e-38
1.3034e-38
4.50266e-39
7.45184e-40
1.66249e-40
5.40629e-42
1.04633e-42
2.76472e-43
-3.12471e-45
-3.80488e-35
-1.20856e-35
3.30483e-32
-6.25312e-23
1.48204e-20
-1.06269e-20
-4.90383e-21
-2.30812e-21
8.16761e-21
6.79478e-22
1.47705e-21
-1.11432e-20
-5.6407e-21
-4.62652e-20
1.01573e-19
-4.74752e-19
-5.81468e-19
-1.80408e-19
-3.29062e-18
-1.23058e-18
2.96488e-20
-2.60557e-20
6.91872e-19
4.02625e-19
-1.0541e-20
3.40712e-20
6.32023e-20
7.5541e-21
2.24833e-21
4.47808e-22
5.73262e-23
2.2661e-23
-7.11359e-26
1.90589e-24
1.28425e-24
2.22281e-26
-1.25223e-29
-9.63123e-30
8.16959e-30
-3.19026e-29
1.8147e-28
1.30089e-29
3.928e-30
1.57626e-30
6.79067e-32
1.276e-34
1.39905e-35
2.80203e-36
2.34011e-36
4.96655e-37
1.18773e-37
2.84658e-38
3.63245e-39
1.06817e-39
3.86243e-40
4.95903e-41
1.55023e-42
2.34816e-43
1.18143e-43
2.6543e-44
-2.79884e-36
-3.84441e-36
1.19558e-32
-1.43653e-23
-3.64155e-24
-3.84152e-24
3.85019e-23
-1.08451e-22
3.22045e-22
7.18814e-23
8.81535e-22
-1.04196e-21
-1.76944e-21
-1.29087e-21
-6.43864e-22
2.39646e-20
-1.25373e-19
-1.78443e-19
2.66559e-19
-3.94589e-19
-4.89434e-20
-4.81496e-20
1.20752e-19
1.6659e-19
2.03868e-20
1.50119e-21
1.67104e-20
6.06509e-21
-1.27134e-22
4.34233e-23
2.18202e-23
2.43417e-24
4.58614e-25
1.53768e-25
3.77134e-25
1.15262e-25
2.21144e-28
-4.96753e-30
-1.02057e-31
-6.79996e-30
-1.69444e-30
-2.95227e-33
-1.17754e-33
1.6176e-33
2.13108e-32
2.89863e-34
1.9564e-35
-5.2686e-38
2.44436e-37
1.17236e-37
5.53099e-38
7.6302e-39
1.08989e-39
3.40627e-40
1.5964e-40
1.4926e-41
3.79378e-42
7.25141e-44
1.32432e-48
-1.2833e-49
-2.78231e-37
-8.98251e-38
4.03084e-33
-5.29314e-26
-8.97182e-25
-3.00756e-24
9.94746e-25
-9.80451e-24
-5.43402e-23
-3.46265e-23
1.96289e-22
1.01685e-22
-1.19149e-22
-2.14834e-22
-2.99367e-22
8.20542e-21
1.28565e-20
-3.1212e-20
2.02243e-22
-1.67183e-22
-7.80001e-21
-2.06094e-20
-1.06209e-20
1.27018e-20
1.08072e-20
7.53088e-22
1.97068e-22
1.52728e-21
4.58264e-22
1.38042e-22
3.32466e-23
8.21579e-24
1.05912e-25
3.22695e-26
3.24668e-26
3.93264e-26
1.83717e-28
6.85714e-29
-9.23333e-30
3.28838e-31
-4.92447e-31
1.53121e-33
-2.24471e-35
5.50403e-34
4.17599e-34
9.58413e-35
2.35676e-37
8.98323e-38
-7.00242e-39
1.62973e-38
1.36028e-38
2.11455e-39
4.43055e-40
-4.4557e-42
1.29666e-45
7.60723e-46
8.76903e-43
2.43333e-43
3.83075e-44
-5.23474e-50
-4.93615e-44
3.18563e-38
-1.91934e-35
-1.09542e-26
-1.44446e-25
-1.50969e-24
-9.90914e-25
-5.37172e-25
-3.13393e-24
-2.87867e-23
6.04908e-24
3.11859e-23
-7.6815e-24
-6.4936e-23
-4.84995e-23
3.00545e-22
8.09987e-21
-1.33828e-20
8.12892e-23
2.2966e-23
8.73958e-22
-2.01231e-21
-4.3527e-21
-2.78461e-22
2.19066e-22
1.78449e-22
2.28036e-23
1.04347e-22
2.93365e-25
-7.80424e-25
4.43474e-24
3.24529e-24
6.13629e-25
-5.60195e-28
6.28522e-30
1.12198e-26
5.92404e-28
1.73146e-28
4.34744e-29
-3.96615e-31
-1.37945e-31
2.81113e-33
1.7448e-34
2.96322e-34
2.15065e-34
3.49794e-35
3.01221e-37
1.1495e-37
-1.55589e-39
-5.74161e-40
-1.19353e-40
1.94872e-40
1.09231e-40
2.56674e-41
-5.35287e-43
2.53163e-46
2.62009e-46
-1.27208e-46
3.38975e-45
5.70979e-49
-4.57479e-44
1.88382e-38
-3.59526e-36
-1.31008e-27
2.61911e-26
-1.97332e-25
-5.25148e-25
7.07527e-25
2.62143e-24
-2.49562e-24
-4.94423e-27
7.95129e-25
-4.30149e-24
-2.75694e-24
-1.19032e-24
-2.29214e-25
5.06476e-26
4.87813e-24
3.05341e-24
7.45887e-24
3.64213e-24
5.37336e-25
1.50906e-24
-7.08663e-23
2.86646e-23
5.97803e-23
3.64999e-26
3.18456e-23
2.1494e-25
-1.7309e-25
-3.43217e-27
1.21271e-26
8.86413e-27
8.98843e-28
2.14827e-28
2.06323e-29
3.58008e-30
3.23425e-29
1.65307e-29
4.64771e-30
-2.04232e-32
-3.99251e-33
2.07398e-35
6.05958e-35
4.65069e-35
2.55173e-35
1.11932e-36
1.61732e-37
-6.42023e-40
-1.40763e-41
-7.42686e-42
-8.17548e-42
-8.09321e-42
2.41246e-43
-4.34619e-43
2.2138e-46
2.75005e-46
6.38046e-47
7.97973e-46
1.56993e-46
-2.83154e-44
1.43426e-39
-6.74488e-37
-1.76447e-37
-3.32419e-27
-2.82926e-27
-1.72266e-25
1.4275e-25
4.18026e-25
-1.07012e-24
-3.32702e-27
3.14864e-25
-1.24773e-24
-1.10783e-24
-1.36138e-25
-4.051e-26
-2.70231e-26
8.1968e-25
8.57008e-25
1.00188e-24
7.41182e-25
2.26799e-25
3.99135e-25
-1.06165e-24
7.92419e-24
2.38602e-23
-1.19864e-24
1.2148e-23
1.53562e-25
-3.693e-26
-8.95353e-27
-2.37701e-28
3.81681e-27
1.38148e-27
1.10025e-28
1.48359e-29
1.44006e-30
-1.8425e-31
2.8911e-30
1.56871e-30
2.44147e-31
3.83487e-32
1.44684e-34
-6.8876e-35
-2.95153e-35
-3.32763e-36
5.64229e-38
-3.29675e-37
9.14987e-41
1.70305e-42
-7.43664e-43
-2.69034e-43
-5.31471e-43
-6.27531e-43
-3.64442e-43
-1.75735e-44
-4.34008e-45
1.53206e-47
-6.77563e-49
3.21571e-47
-5.95039e-45
8.03997e-44
-1.55651e-37
-4.66948e-38
-8.05194e-28
-6.64121e-28
-2.46943e-26
1.52938e-26
1.02608e-25
4.7098e-27
-7.72599e-28
1.79007e-26
4.41746e-27
2.26357e-27
-1.04693e-26
-6.24536e-27
-8.22336e-27
8.66841e-28
5.66221e-26
2.01109e-26
1.34025e-25
1.37856e-25
1.44241e-25
-8.04036e-28
2.32099e-27
5.4344e-27
-1.61401e-25
-2.74189e-26
2.56688e-26
1.64392e-27
-2.08338e-27
6.22846e-28
1.82941e-28
5.86897e-28
1.62139e-28
2.36627e-30
6.0077e-31
2.0041e-31
5.05439e-32
-1.16636e-33
4.89092e-32
8.49073e-33
2.00842e-33
1.60765e-34
3.71068e-35
8.53212e-36
1.92452e-36
7.25019e-37
1.82444e-40
1.2148e-41
1.61231e-42
-4.66619e-43
-1.34084e-43
-1.06432e-43
-5.79577e-44
-1.32577e-44
-5.38601e-45
1.06996e-47
3.62949e-48
-9.96122e-52
-1.68244e-53
1.67126e-44
-1.28338e-44
-1.34087e-44
-4.38178e-30
-2.35588e-28
-5.31588e-28
2.39396e-27
2.65152e-26
7.89149e-27
-2.26156e-28
-5.29092e-29
1.09794e-27
1.24993e-27
-2.70285e-27
-1.89387e-27
-5.90955e-28
3.41028e-28
9.52206e-28
4.12126e-28
6.37381e-28
2.66992e-26
4.71822e-26
1.58266e-26
-6.35123e-29
-5.58779e-29
8.25097e-29
3.02307e-28
9.052e-28
1.78623e-27
3.07744e-28
2.69383e-28
1.27546e-28
1.47081e-28
3.81909e-29
2.52078e-30
4.20356e-31
9.11064e-32
2.78197e-32
-3.85002e-33
1.45115e-32
4.2759e-33
4.79191e-34
1.75704e-34
1.0488e-35
2.24032e-36
6.62862e-37
8.35112e-38
9.70877e-41
3.49777e-41
1.75277e-42
-7.16679e-45
-3.96402e-44
-2.28988e-44
-8.91944e-45
-2.41283e-45
-7.60652e-46
-1.93971e-46
-5.32867e-48
8.95611e-50
4.05704e-60
4.62079e-57
-3.84507e-55
1.55366e-44
1.89678e-43
-5.64968e-29
-2.71548e-29
4.76837e-28
-3.89602e-28
2.29752e-27
5.4106e-28
2.20454e-28
-1.94695e-28
2.61245e-28
3.48816e-29
-6.49179e-28
-3.58921e-28
-1.40071e-28
5.40528e-29
6.33125e-29
1.66274e-28
2.5858e-28
9.30542e-27
7.13009e-27
1.28369e-27
-4.80768e-29
-2.7927e-29
2.76465e-29
6.39576e-29
4.54689e-29
1.61792e-28
1.11471e-28
1.74426e-29
1.50228e-29
1.1089e-29
1.81489e-30
3.32763e-31
7.36352e-32
2.60558e-32
7.69689e-33
2.76871e-34
8.74296e-34
2.46933e-34
6.87481e-35
2.63351e-36
1.03077e-36
2.24923e-37
7.00914e-38
-8.28603e-42
1.0875e-41
2.76588e-42
1.18521e-42
-1.15e-44
-1.96997e-45
-2.5701e-45
-1.13941e-45
-3.72464e-46
-1.30579e-46
-3.23484e-47
-6.15182e-48
3.56037e-60
-5.65091e-56
1.24372e-54
-1.74988e-43
-4.35026e-39
4.50388e-32
-2.90916e-30
2.20082e-29
5.07871e-30
3.68718e-29
5.89709e-29
7.1353e-29
-6.67074e-32
4.78546e-32
8.44431e-30
-1.07166e-29
-5.70875e-29
-5.49789e-29
-9.76786e-30
4.38227e-30
2.35431e-29
4.58622e-29
2.69596e-29
1.47885e-27
6.20692e-28
9.79648e-29
-1.44214e-29
-4.78702e-30
6.97688e-30
8.13516e-30
8.1921e-30
2.49593e-29
1.16544e-29
4.08608e-30
2.41666e-30
1.06712e-30
1.00029e-31
3.37426e-32
1.07962e-32
4.84969e-33
1.3358e-33
2.2834e-34
8.59557e-35
2.40231e-35
6.48655e-36
-1.10079e-39
-8.76054e-40
-1.53908e-40
-2.71075e-42
2.48821e-43
3.80371e-43
-2.67965e-44
-2.16573e-45
-3.29332e-46
-7.45157e-47
-1.64608e-47
-7.42015e-48
-3.42893e-48
9.99046e-49
-1.4169e-48
1.54672e-60
1.31822e-56
-3.85691e-54
6.5112e-43
-8.88631e-40
2.54778e-32
-1.23339e-30
4.86331e-30
2.33337e-30
4.52683e-31
1.55262e-29
1.65579e-29
3.15699e-32
-5.88618e-34
1.06272e-32
-1.5934e-32
-7.8304e-33
-1.52985e-30
-2.99984e-30
5.2511e-31
7.06553e-30
1.66882e-29
1.3767e-29
3.84246e-30
1.81419e-28
8.56359e-29
6.84678e-30
-5.69821e-32
7.46795e-31
9.40765e-31
1.00106e-30
2.15434e-30
3.47202e-30
1.08446e-30
9.62637e-31
5.50499e-31
5.36392e-32
2.3066e-32
8.71534e-33
1.20289e-35
3.66867e-34
1.58243e-34
2.76545e-35
-2.37663e-36
1.46227e-36
-4.17625e-38
-5.16463e-40
-2.04966e-40
-4.63219e-42
-4.22631e-43
1.35849e-43
4.96829e-44
9.67626e-47
4.45392e-47
-5.48387e-48
-2.39276e-48
-6.9888e-49
-3.82975e-49
-1.16819e-49
-2.88883e-49
-2.47627e-71
4.75129e-58
-4.68152e-55
-2.61054e-44
2.75002e-38
6.81283e-33
-2.64114e-31
6.04693e-31
1.95469e-31
1.35353e-31
3.08624e-32
3.82846e-30
7.23608e-31
1.99411e-31
5.33983e-32
1.72017e-32
1.59115e-33
2.8573e-32
-3.28329e-31
-1.05189e-31
1.33797e-31
1.36348e-30
1.44721e-30
1.24496e-30
3.28681e-31
1.17567e-29
6.24648e-30
1.79802e-30
2.4109e-32
3.75681e-32
2.68948e-31
3.18643e-31
4.57186e-31
1.1194e-31
9.81388e-32
1.25214e-31
3.75393e-32
6.51499e-33
2.07827e-33
-2.65719e-35
1.07558e-35
5.1659e-35
1.83134e-35
5.6423e-36
1.96415e-36
4.00697e-37
8.33394e-40
-6.91192e-41
-3.44703e-42
-1.90885e-42
-2.50435e-43
1.05482e-44
-6.75457e-46
1.16894e-47
1.99615e-48
2.87841e-49
6.95455e-50
1.8401e-50
4.43747e-50
-6.76025e-50
4.37515e-73
4.2849e-66
-1.03064e-55
-2.27066e-45
-4.18022e-36
7.41413e-34
-3.8234e-32
5.33945e-32
1.30169e-32
2.39736e-33
7.64533e-33
2.49986e-33
2.17824e-31
-1.84522e-34
4.3276e-33
5.57949e-33
2.65118e-34
4.09432e-34
-6.24216e-32
-4.26375e-32
-1.13738e-32
-6.18019e-33
5.5724e-32
5.36969e-32
2.72549e-32
8.38611e-32
8.64495e-33
3.43882e-31
4.08611e-33
2.7296e-33
3.99626e-33
1.94012e-32
9.86805e-32
5.28981e-32
1.04066e-32
6.99164e-33
1.49555e-32
8.67029e-34
9.08469e-34
7.44964e-35
-4.4219e-36
4.00132e-37
2.23058e-37
-1.88642e-38
2.90313e-38
9.51914e-38
6.66731e-40
1.29395e-40
2.54802e-42
1.17971e-42
-7.16402e-44
1.95957e-45
3.31501e-46
1.48131e-46
8.0809e-48
1.27304e-48
3.53653e-50
4.56389e-50
4.16908e-50
7.09309e-52
1.10996e-73
6.31911e-68
-1.0994e-56
1.9188e-45
-1.64249e-36
1.72373e-34
5.17141e-35
5.65408e-33
4.02689e-33
1.14853e-33
2.1366e-34
1.23489e-34
7.31282e-35
-6.72792e-35
8.00529e-35
4.93276e-35
-1.77851e-34
-3.01779e-34
-1.37367e-32
-5.09279e-33
-4.25249e-33
-3.58339e-33
1.40353e-32
1.66334e-32
5.50744e-33
1.59876e-32
1.56293e-32
5.63485e-33
3.67061e-34
-2.10062e-34
3.03502e-34
1.46415e-33
5.88994e-34
1.03039e-32
4.51301e-33
2.85942e-33
1.64941e-33
-3.12087e-35
1.78236e-34
6.51144e-35
1.71772e-35
5.89468e-36
1.54826e-36
5.01588e-38
1.01367e-38
3.79527e-38
1.06814e-39
3.44667e-40
8.41578e-41
1.31741e-44
-2.01862e-44
-1.8971e-46
2.25922e-47
2.19701e-47
4.72052e-48
6.47509e-49
8.23535e-50
-1.62302e-50
2.15191e-51
7.0407e-53
2.34645e-74
-1.09832e-67
2.17146e-52
3.71759e-45
-2.01708e-37
-5.29359e-38
-1.59008e-38
-8.69032e-39
2.80711e-34
3.07139e-34
7.76905e-35
2.20351e-35
2.87859e-35
-1.04139e-35
2.49421e-35
1.7463e-35
-3.20203e-35
-1.37896e-34
-8.75102e-35
-1.00543e-34
-3.41405e-35
-2.6118e-35
1.3259e-35
9.8576e-34
8.69459e-34
1.85322e-33
2.0436e-33
1.22496e-33
4.69888e-34
-1.69527e-34
-1.00518e-34
8.24521e-35
4.32739e-34
2.41319e-33
1.26397e-33
3.93381e-34
3.20849e-34
7.44918e-35
-8.62122e-37
4.71153e-36
3.66805e-36
7.99351e-41
3.77189e-37
7.91165e-38
2.2568e-38
9.65448e-39
3.15943e-39
1.11483e-40
5.38262e-41
1.858e-41
-3.87805e-45
3.3298e-47
1.08088e-47
1.22755e-47
1.08248e-47
6.85067e-48
1.28825e-48
7.69399e-50
2.09261e-50
3.2814e-51
1.51602e-75
1.92909e-65
-7.04929e-51
-3.76249e-43
-4.42433e-38
-1.09151e-38
-2.65528e-39
-3.57314e-39
-5.00542e-36
2.76804e-35
1.73402e-35
5.29732e-36
3.83177e-36
5.23986e-37
4.54681e-36
2.45876e-36
2.95648e-37
5.00011e-37
-2.87364e-35
-3.82448e-35
-2.45818e-35
-1.08963e-35
3.63857e-36
2.52518e-34
9.78065e-35
3.27408e-34
2.62705e-34
2.75557e-34
1.07876e-34
-1.84952e-35
-3.42645e-35
-7.48559e-36
1.04347e-34
5.9342e-35
3.95772e-35
1.0455e-34
1.10364e-34
3.72192e-35
7.83409e-37
-7.95788e-38
1.15474e-36
3.49856e-37
-7.63679e-41
-5.58548e-41
6.55186e-42
3.36471e-40
1.30753e-40
3.80748e-42
3.22203e-42
8.7372e-43
5.77172e-44
2.85876e-45
-5.14735e-47
-3.47099e-47
-1.93289e-47
-4.10769e-48
2.94362e-49
2.17695e-50
-3.62907e-50
-9.24756e-51
2.14637e-75
1.25696e-64
-7.27471e-50
3.75122e-42
-2.54562e-39
-2.30047e-39
-9.14449e-40
-3.0763e-40
-5.86575e-41
1.2412e-40
1.74416e-40
2.17547e-40
1.77396e-41
1.3649e-37
4.227e-38
7.12787e-37
2.61866e-37
3.10861e-37
3.13155e-38
-2.42809e-37
-9.84959e-36
-5.41671e-36
-2.61504e-37
-4.60842e-37
1.75068e-36
8.06347e-35
8.85533e-35
2.62558e-35
2.98639e-36
1.59727e-36
-2.38613e-36
-1.1192e-36
-3.50619e-36
1.5541e-35
1.38056e-35
2.05613e-36
1.40103e-35
9.54492e-36
2.36612e-36
9.22749e-37
-2.3685e-38
9.39324e-38
2.72367e-38
-4.7383e-41
-2.2706e-41
-6.99272e-42
1.72777e-41
7.68181e-42
7.8948e-43
4.24953e-43
5.43554e-44
2.41204e-44
1.1681e-45
-1.01817e-46
-2.69429e-47
-8.34883e-48
-9.64725e-49
1.1856e-49
4.08699e-50
1.1494e-51
-2.72475e-71
1.18902e-64
-1.70325e-49
5.94226e-47
-4.7741e-40
-1.33436e-40
-1.54963e-40
-5.09086e-41
-3.69893e-43
3.32305e-41
1.13042e-40
1.81792e-40
-3.05573e-40
4.07062e-39
2.3451e-39
2.3748e-39
1.70954e-38
1.45091e-38
-2.62366e-38
-1.10418e-37
-5.13114e-37
-1.98475e-36
-7.57071e-37
-3.00656e-37
-2.46537e-38
-5.08105e-38
2.90468e-36
8.58174e-36
3.6013e-36
9.98926e-37
-4.88036e-37
-8.36856e-37
-1.21326e-36
-2.92253e-37
2.52598e-36
6.88163e-37
5.20693e-36
3.34734e-36
1.04672e-36
2.41352e-37
5.56377e-38
1.2635e-38
1.04414e-38
2.81621e-39
-2.1266e-41
-7.95851e-42
1.07681e-42
4.19113e-43
2.26652e-43
3.04333e-44
2.78562e-44
1.65567e-44
1.48705e-45
3.83679e-46
6.24907e-47
1.3629e-48
-4.13511e-49
1.23837e-49
6.54215e-50
1.1292e-50
-1.62709e-71
-3.43396e-59
-1.56512e-49
1.51575e-47
-1.10209e-40
-3.30172e-41
8.60817e-44
2.76705e-43
1.64336e-42
7.34539e-42
2.57829e-41
7.6169e-41
-4.87852e-41
9.0641e-40
1.15443e-39
9.9405e-40
4.41631e-39
5.48835e-39
1.8588e-39
-1.61873e-38
1.73627e-39
-3.7748e-38
-2.49442e-37
-1.86095e-38
-7.95348e-39
-2.81222e-38
7.59218e-37
3.84424e-37
3.31727e-37
2.19026e-37
1.47131e-37
-1.74535e-37
-2.91524e-37
-1.49277e-37
-4.04548e-39
-3.36982e-38
6.17888e-37
1.59927e-37
6.06882e-38
6.663e-38
1.49493e-38
4.35147e-39
1.37093e-39
1.03667e-39
2.75655e-40
-2.02438e-42
-1.07779e-42
-2.6964e-43
-2.50246e-44
1.39211e-45
6.77742e-46
-2.48173e-48
3.69834e-46
2.74345e-46
9.95867e-47
7.42125e-48
1.96027e-48
2.22004e-49
6.25119e-50
2.40243e-51
1.77381e-68
-1.76945e-52
-1.01479e-49
3.79473e-48
-2.72437e-45
-8.10569e-42
9.13549e-44
2.61765e-43
2.45081e-43
1.13857e-42
5.46167e-43
-2.31977e-43
3.64782e-42
9.33255e-41
1.77633e-40
2.42291e-40
3.83377e-40
1.94456e-39
1.66276e-39
7.82433e-40
-4.78685e-40
-2.98412e-39
-7.24564e-39
-7.39128e-39
-3.30646e-39
-2.17291e-39
-2.62131e-39
3.33061e-39
5.31406e-38
5.38284e-38
1.3277e-38
-1.23489e-39
-1.08558e-38
-3.64184e-38
-9.99724e-39
9.66301e-39
2.31992e-37
6.28664e-38
2.47697e-38
2.21817e-38
4.95112e-39
-2.13717e-40
-4.90222e-41
-1.73579e-41
6.79716e-41
1.74063e-41
5.22792e-43
1.74996e-43
3.07866e-44
-2.50597e-45
5.87929e-46
3.57857e-47
3.05914e-47
1.49709e-49
2.59217e-47
8.48146e-48
8.47949e-49
3.66465e-49
4.33388e-50
3.83127e-52
-9.80049e-68
2.31766e-51
-2.49237e-50
1.01414e-48
-1.2828e-45
-1.49843e-42
-2.32451e-43
4.97585e-44
8.44317e-44
7.63373e-44
-7.21735e-44
-1.42876e-43
1.22587e-42
1.02401e-42
2.13424e-42
-5.87768e-43
-1.49057e-42
1.23232e-41
4.76093e-40
4.76086e-40
-1.57081e-40
-1.8605e-40
-2.42911e-40
-5.5861e-40
-6.85588e-40
-4.66764e-40
-8.72464e-40
-7.2045e-40
4.329e-39
1.63003e-38
5.44117e-39
2.26831e-39
-3.13389e-41
-2.48542e-39
-1.51029e-39
5.649e-39
4.33779e-39
5.07741e-39
3.00674e-39
3.1293e-39
1.5882e-39
6.8156e-40
-2.23476e-41
-4.00488e-42
-1.14689e-42
3.88278e-42
1.05405e-42
3.19322e-43
1.0038e-43
9.02537e-45
2.30374e-45
7.09007e-46
8.04867e-48
8.87629e-49
2.50084e-48
1.0431e-48
6.10605e-50
2.98968e-50
1.37884e-50
4.31873e-52
-7.50271e-68
1.02465e-51
-1.58688e-51
-5.12644e-50
-4.60325e-46
3.85169e-46
-4.17404e-45
-1.95988e-45
6.90899e-45
2.95165e-44
-1.2764e-44
-4.87331e-44
-3.27791e-44
2.59579e-43
8.33461e-43
-5.62665e-43
-2.21758e-42
-1.65205e-42
3.50326e-42
6.86855e-41
4.57463e-41
-1.03967e-41
-6.03335e-42
4.82875e-41
-1.56852e-40
-4.91828e-41
-2.16355e-41
-3.22575e-40
-1.23249e-40
1.98294e-39
1.8838e-39
2.02344e-41
3.22072e-41
1.27812e-40
-5.93912e-40
3.46389e-40
2.7955e-40
1.50177e-39
6.7303e-40
8.6498e-40
9.32188e-41
2.2178e-41
7.13459e-42
-9.24247e-43
-2.13179e-43
-4.9116e-44
-1.38684e-44
-2.54229e-45
1.58865e-44
5.80937e-45
3.51137e-48
4.01462e-48
1.80429e-48
1.68844e-50
7.67529e-50
2.13405e-49
5.27949e-50
2.17297e-50
6.28512e-51
3.89489e-52
-2.20751e-68
1.91666e-52
-3.0486e-51
4.17209e-48
-3.46701e-47
-3.03057e-47
-1.20325e-45
-1.53882e-45
-1.1926e-45
7.49082e-45
6.54834e-45
-9.37233e-45
-1.67657e-44
6.23464e-44
4.00072e-43
-2.45126e-43
-1.80199e-42
-1.4691e-42
-5.18161e-43
2.4876e-41
2.73171e-41
1.13525e-42
-9.63915e-43
1.90626e-41
1.47555e-41
4.49768e-42
1.31305e-42
-4.13302e-41
-1.70547e-41
4.85728e-42
3.53435e-40
8.47347e-41
2.99331e-41
1.11719e-41
-3.84919e-41
-1.15432e-41
2.59849e-41
8.12763e-42
2.5578e-41
2.68207e-40
2.8735e-41
5.13258e-42
2.89411e-42
4.69e-43
-6.01847e-44
-1.12491e-44
-2.78155e-45
-7.40231e-46
9.73184e-46
2.05022e-45
1.79953e-48
1.90677e-48
8.73505e-49
1.87685e-50
-4.75844e-52
-6.73381e-52
8.19661e-51
5.80717e-51
1.93608e-51
2.12766e-52
1.91568e-71
7.34216e-53
-2.55074e-51
2.95995e-48
2.13968e-48
-1.73193e-47
-1.31162e-46
-4.01083e-46
-6.61829e-46
-3.7395e-46
-3.57131e-47
2.28696e-46
-2.81314e-45
-8.30954e-45
1.85051e-43
1.09897e-43
-8.03127e-43
-8.3258e-43
-1.66248e-43
7.16296e-44
4.18038e-42
3.11023e-42
-9.24931e-43
4.0907e-42
9.40638e-43
2.36455e-42
1.22223e-42
-9.68125e-43
-4.77689e-42
1.84849e-42
7.03525e-41
1.22941e-41
5.39395e-42
2.00811e-42
-7.5375e-43
4.4356e-42
1.07501e-41
6.4835e-42
1.76348e-43
-1.33529e-42
8.25826e-42
3.12656e-42
-1.66182e-44
1.46553e-43
-1.98644e-44
-3.83916e-45
-3.34084e-46
-6.94532e-47
-9.51862e-48
3.81555e-48
5.27791e-49
6.2687e-49
4.24191e-49
4.21799e-50
2.56248e-51
7.39671e-52
7.2623e-52
6.21413e-52
3.42561e-52
-8.28412e-55
-8.71361e-70
2.61165e-54
-8.31568e-52
7.4186e-49
4.97388e-49
8.19296e-48
-3.0889e-47
-8.73626e-48
-9.11303e-47
-1.84581e-46
-7.61236e-47
1.75992e-46
-2.34227e-46
-9.38834e-45
3.0902e-46
3.74234e-44
1.3306e-44
-1.76299e-43
-1.12608e-43
-2.15997e-44
2.90131e-43
1.52058e-42
2.11188e-43
-1.16813e-43
2.20743e-43
2.72353e-43
3.53069e-43
-3.49791e-43
-4.32812e-43
-3.99721e-42
1.8881e-41
6.61388e-42
7.75699e-43
7.17662e-43
4.3228e-44
6.48727e-43
1.03713e-42
2.16301e-42
5.96541e-43
2.75005e-45
1.63566e-43
8.64013e-43
7.75206e-45
1.9549e-44
2.61126e-45
2.59004e-46
3.81537e-47
1.35204e-47
7.73769e-48
1.7974e-48
7.80931e-49
1.23193e-50
6.45708e-50
1.52519e-50
5.74948e-51
6.56235e-52
3.65481e-52
9.27662e-53
5.13892e-53
1.47077e-53
-3.60881e-70
2.32006e-55
-3.51605e-53
-4.25552e-53
-3.47779e-53
3.07446e-51
-7.15241e-48
-2.17363e-48
-7.59422e-49
-2.87499e-47
-3.13314e-47
8.14062e-47
3.63698e-47
-4.69743e-45
-6.44247e-45
-5.98214e-45
-3.81367e-45
-1.07227e-44
-5.5106e-44
-2.52277e-44
1.53355e-44
2.1324e-43
1.28779e-43
7.42657e-46
5.92719e-44
1.81705e-44
2.59349e-44
-2.77671e-44
-1.70318e-43
3.01413e-45
7.43581e-43
1.77459e-42
6.16555e-43
-2.88262e-46
1.35349e-44
6.35429e-45
-3.14894e-45
1.38253e-43
2.21119e-43
2.8573e-44
-4.78856e-44
1.12721e-43
3.37213e-44
1.31498e-44
8.18475e-48
8.23651e-48
1.01685e-47
3.94131e-48
2.39438e-48
5.51167e-49
4.14603e-49
1.18834e-49
3.0271e-50
3.43079e-51
2.25071e-53
-7.91945e-54
6.04021e-54
3.09416e-55
7.16427e-54
4.11769e-54
-3.43101e-71
2.71925e-56
3.11888e-56
-1.85825e-53
-1.99687e-53
1.8335e-51
-1.03435e-50
-5.68377e-51
2.12742e-49
-1.36684e-49
-3.72919e-48
1.19133e-48
1.62186e-47
-4.52405e-46
-2.94725e-45
-4.16945e-45
-2.39063e-45
-2.80574e-45
-1.42435e-44
-1.5196e-44
-7.43518e-45
8.35089e-46
4.81827e-44
1.47867e-44
1.60682e-44
-1.66577e-46
4.42958e-45
-2.33608e-45
-3.15658e-45
1.47915e-45
1.71723e-43
3.66135e-44
1.73288e-43
4.07854e-44
-8.31395e-47
2.24429e-45
-1.38788e-45
6.93616e-48
3.62364e-44
2.07946e-44
-2.31683e-44
3.26999e-44
7.01694e-46
3.29176e-45
8.32583e-46
-3.32778e-49
3.26626e-48
1.75849e-48
6.88277e-49
9.42895e-50
5.80676e-50
4.61358e-50
2.49987e-50
1.74635e-51
2.90708e-52
4.60034e-53
1.67654e-53
3.95292e-54
4.22731e-54
1.72595e-54
2.7394e-80
3.61461e-58
8.10772e-56
-8.85195e-55
-9.49784e-55
2.55798e-52
-5.29277e-52
-1.19459e-50
1.281e-49
6.23307e-50
-4.71139e-49
-9.57485e-49
5.26484e-47
-1.27848e-46
1.9405e-46
-8.48104e-46
-4.00469e-46
-3.52054e-46
-4.22549e-45
-6.64933e-45
-4.66079e-45
-3.07077e-45
5.82676e-45
2.35341e-45
8.94587e-46
-1.59742e-46
-1.43917e-46
5.64339e-47
9.09999e-47
-5.08054e-46
-4.26289e-46
-2.11383e-46
4.46358e-46
9.71937e-45
3.20822e-45
1.30233e-45
1.05811e-46
9.56702e-48
2.23629e-45
1.09931e-44
-1.27886e-44
7.5441e-45
2.26635e-45
6.80416e-46
3.68464e-46
9.10258e-47
5.02008e-49
2.40022e-49
1.45636e-49
4.47145e-50
1.06086e-50
5.37966e-51
3.30963e-51
5.34018e-52
1.66607e-52
3.21508e-53
1.1514e-53
4.04901e-54
3.31611e-55
5.95605e-55
6.04257e-81
1.76162e-59
6.66664e-56
-5.21743e-56
-3.96579e-54
2.30918e-53
-3.4236e-53
-8.31868e-51
1.47792e-50
1.1095e-50
-3.47101e-51
-1.94855e-49
-2.248e-49
-1.05371e-48
-2.58572e-50
5.66511e-49
-1.88694e-48
4.86406e-47
-1.75694e-46
-2.25235e-46
-1.36031e-45
-1.20119e-45
-3.25979e-46
3.97283e-46
1.73275e-46
-1.21223e-47
-8.54041e-47
-5.31816e-47
2.31778e-47
-9.60111e-47
-1.38308e-46
-6.37947e-47
-3.24012e-47
4.17227e-47
2.10344e-47
7.57497e-47
4.2825e-47
8.24375e-48
6.82093e-49
-3.57583e-49
2.88565e-47
1.75469e-45
5.22507e-49
2.23606e-49
2.73312e-50
1.80703e-47
4.5869e-48
3.13085e-50
2.96163e-50
6.21774e-51
3.94333e-51
1.03399e-53
4.02886e-52
1.48632e-52
3.84855e-53
9.79849e-54
1.36174e-54
3.5963e-55
1.02735e-55
2.37751e-56
)
;

boundaryField
{
    left
    {
        type            fixedValue;
        value           nonuniform List<scalar> 
60
(
1
1
1
1
1
1
0
0
0
0
0
0
0
0
0
0
0
0
0
0
0
0
0
0
0
0
0
0
0
0
0
0
0
0
0
0
0
0
0
0
0
0
0
0
0
0
0
0
0
0
0
0
0
0
0
0
0
0
0
0
)
;
    }
    right
    {
        type            zeroGradient;
    }
    bottom
    {
        type            fixedValue;
        value           nonuniform List<scalar> 
60
(
1
1
1
1
1
1
0
0
0
0
0
0
0
0
0
0
0
0
0
0
0
0
0
0
0
0
0
0
0
0
0
0
0
0
0
0
0
0
0
0
0
0
0
0
0
0
0
0
0
0
0
0
0
0
0
0
0
0
0
0
)
;
    }
    top
    {
        type            zeroGradient;
    }
    frontAndBack
    {
        type            empty;
    }
}


// ************************************************************************* //
